sigmoid 
3 10 10 5 5 1 
-7.291671151140867 -0.4955513541144299 0.548337799060759 -1.0528455197835755 
0.784952288590978 0.9127555749312193 0.6066357726782914 0.7294965595386993 
0.5560414305418964 0.935053779621118 0.8158363837857129 0.002668110223604458 
0.07143614283002693 -0.24456803760244553 -0.2554798515640707 0.24168750935209193 
0.8834373560310305 0.5416196796193977 0.29991049931993097 0.4227998386358716 
0.09891574140082665 0.1230173085273541 0.6706370736531003 0.6461872011359475 
0.6030225907573803 0.38367754987762176 0.9972099347900275 0.980835335597238 
0.672947481009752 0.6504594059259279 0.6884465259496955 0.38892150162934347 
0.14444432846550812 0.7214887297661395 0.5253550915088024 0.3102421707888865 
0.46748943477176935 0.8894878337720648 0.9340435156478409 0.3577951965422245 
0.5400438551964448 0.2260780054214377 0.5573263000652908 0.3065483495430471 0.48080954932057757 0.8518750258688909 0.20763830481789372 0.5904196993900891 0.04964842533768215 0.8111421916208109 0.7573861628825599 
0.7953236112879557 2.190109931652335 -0.11617685181954225 0.13061057831429973 -2.1331308646596834 0.284060357554959 0.5256771234278409 0.03263308620272071 -0.1370700800154903 0.1440444261778651 -0.01660107241947217 
0.41444335120305725 0.634937808636978 0.006156807105299654 0.37696531888446 0.013750837568884374 0.6502982191924541 0.06479235446911656 -0.18893722575217156 0.3354065156664619 0.6276261571247597 0.14454127628765098 
1.1195481175813975 0.4980694477829622 0.2757989046901025 0.4695414308670857 0.9457570119335623 0.7998738607395397 0.3067353403992281 0.6073549345091657 0.34741380656769427 0.37639729562179697 0.634712226530386 
0.3985553414654259 0.7480503020239333 0.7108311122970797 0.9330934175646023 0.12856960859936634 0.7283617947782169 0.9312976780666938 0.9686229132128422 0.015019680772205491 0.8670376845271669 0.9826241350156543 
1.8434993889641142 -0.44028282004534997 3.6474085629982103 0.4720187566701529 0.2054698082363936 -0.28657642138506717 
