sigmoid 
3 10 10 5 5 1 
2.0084970287056954 -0.05243010181380414 0.6680075994888868 -0.3996710014532397 
0.81327027243939 0.9127552944802729 0.6066353726629874 0.7294963410569082 
0.5436250006460654 0.9350723266676984 0.8158534756144946 0.0027383305125348338 
1.441352702887518 -0.9404974497441496 1.8705540949638773 0.04533520471855798 
0.8630594533000879 0.5425328137792315 0.3012531073624518 0.42354592758596404 
0.028222463023136166 0.1257510100864003 0.6713357773040922 0.6481204791793119 
0.6153851154805733 0.3836775038963928 0.9972098998193087 0.9808353047130357 
0.6855431774777107 0.6504473823975454 0.6884332701462256 0.3889129626044641 
0.1350956075553504 0.7214964873878928 0.5253652308079589 0.31024806746502803 
0.48583536250573595 0.8894877997730553 0.9340434734294994 0.3577951724268312 
0.5751319728352717 0.18769332043947182 0.5906978888643085 0.33430901135944513 0.3999361403680444 0.8866798741808148 0.22355767948784822 0.6195850028853654 0.08041323111911058 0.8290421037879626 0.7834961655547272 
0.5815373640785876 2.376933139512697 -0.2836000023407969 -0.006043689762927948 -0.5717904966639296 0.10706175482034154 0.45394316300941456 -0.11152574742759298 -0.29015079243419845 0.06236946833509168 -0.14365490172044612 
0.23078958708157168 0.6865720060756882 0.1586595906914709 0.531958424330013 0.09340533299235672 0.8020697799385268 0.22507115141910777 -0.034541262217712795 0.4890715823708461 0.7871179244968554 0.30034061309846516 
1.0088490608488327 0.5353662068291116 0.3709700575494468 0.565954903353132 0.9689833130191741 0.8946836198645023 0.40578584705566206 0.7034702780657002 0.4431641220616576 0.4750535741309489 0.7315271335219619 
0.4165317949139419 0.7265584231747292 0.7092669324739771 0.9301837350060677 0.114631192949944 0.7271396054255392 0.9255481551255766 0.9660502443875737 0.012830361187205453 0.8617641502527907 0.979319094518048 
1.6809872841553921 -0.4808583321695497 3.9630531925857535 0.4130875439061097 0.21010045859933318 -0.19977387100984145 
