sigmoid 
3 10 10 5 5 1 
0.5957927312204347 -0.17806441445847868 0.6148894773161894 -0.29675005896136664 
0.8132702391814566 0.9127555775706527 0.6066357759911275 0.7294965610505958 
0.5436251894380185 0.9350703563151005 0.815852269857342 0.002732883043865602 
0.9618557837921369 -0.8897120485889595 1.215903569951851 0.8642330343764335 
0.8631781257698867 0.5414692238273063 0.2997302800511643 0.4226948435765011 
0.02830570076118617 0.12454042754259957 0.6706887637015165 0.6473584901128826 
0.6153851114967844 0.38367755354157174 0.9972099361620059 0.9808353381258381 
0.6855419873561505 0.6504591884412059 0.6884467183179115 0.38892145676173784 
0.1350965054136909 0.721488370846981 0.5253543273165742 0.3102417588654407 
0.4858353587801581 0.8894878349179399 0.934043516241014 0.35779519796895004 
0.5680139541035273 0.2722144193605583 0.5978159068256343 0.3414270425061759 0.40823943920050837 0.8937902730703956 0.23067376464574094 0.6267030213232859 0.08753122038883918 0.8361600238260964 0.7906141841109683 
0.5158911229184434 2.2365154062576065 -0.21795364506213327 0.059601309296053694 -0.7404452122308179 0.17381401180449113 0.5197744419942751 -0.04587947184260343 -0.22450040088575224 0.12803020227470133 -0.0780086350504035 
0.13576149709179944 0.6181212569453257 0.25368768134636116 0.6269864790647169 0.15121957751254358 0.8971046262241319 0.3201014759889868 0.06048682808835323 0.584099699977345 0.8821461020596618 0.3953687032469386 
0.971857515133538 0.5157733210318598 0.4079616034063171 0.6029464473747738 0.977968375993546 0.9316766436726482 0.4427780208843687 0.740461823862123 0.48015567402568826 0.5120451389248024 0.7685186792723168 
0.4161644815670938 0.73314725063727 0.7096342457783372 0.9305510507502817 0.11454044121441859 0.727506488626235 0.9259153185627105 0.966417557714312 0.013197672777650216 0.8621314580252265 0.9796864078547275 
1.6303245222483156 -0.47486766917976936 3.291989147772592 0.30226717811575887 0.17793118912966335 -0.1714106903387078 
