21.0 8.4853 8.4853 0.0
20.0 8.4853 8.4853 0.0
19.0 8.4853 8.4853 0.0
18.0 8.4853 8.4853 0.0
17.0 24.0416 8.4853 10.0
16.0421 24.0833 9.0227 10.0
15.1334 38.1882 9.7592 10.0
14.2687 36.4348 10.7464 20.0
13.6922 33.7572 13.2734 20.0
13.2879 31.6981 13.1831 20.0
13.0673 30.114 11.7861 20.0
13.0582 28.9129 10.6728 20.0
13.3138 28.0365 9.7946 20.0
13.9297 27.4515 9.1208 20.0
15.0827 18.8088 8.6346 10.0
15.4376 16.716 8.1746 10.0
28.2124 15.2933 7.7793 10.0
26.4715 14.2173 7.4491 10.0
24.8792 13.3426 7.1858 10.0
23.4148 12.5943 6.9927 10.0
22.0612 11.9293 6.8743 10.0
20.8041 11.3211 6.8376 10.0
19.6315 10.7524 6.8918 10.0
18.5332 10.2113 7.0493 10.0
17.5006 9.689 7.3271 -10.0
16.5609 10.3535 6.9272 -10.0
15.6715 11.2454 25.6143 -20.0
15.0613 13.5698 28.5302 -20.0
14.6401 15.0117 33.3513 -10.0
13.9857 13.6687 34.7665 0.0
12.9857 12.6913 33.2099 0.0
11.9857 11.714 30.6525 0.0
10.9857 10.7367 28.0951 -10.0
10.2842 9.5784 30.2016 -20.0
10.0009 8.4527 30.9918 -20.0
9.8843 7.5397 29.985 -20.0
9.9814 6.8062 29.3008 -30.0
11.2952 6.3421 28.6966 -30.0
14.23 6.1531 17.2994 -30.0
21.9955 6.2725 12.9067 -30.0
26.3771 6.7965 10.5274 -30.0
25.5272 7.9444 8.9989 10.0
24.4592 7.5686 9.3565 10.0
23.4736 7.1821 9.8715 -10.0
22.4896 7.5704 9.3548 0.0
21.4896 7.6135 9.3141 0.0
20.4896 7.6566 9.2735 0.0
19.4896 7.6998 9.2329 0.0
18.4896 7.7429 9.1922 0.0
17.4896 7.786 9.1516 0.0
16.4896 7.8291 9.1109 0.0
15.4896 7.8722 9.0703 0.0
14.4896 7.9154 9.0297 0.0
12.0215 17.0009 7.0714 20.0
11.1545 17.8198 8.0405 30.0
10.6408 21.177 10.5642 30.0
10.4233 32.4791 9.9465 30.0
10.5527 30.7209 8.7335 30.0
11.1612 29.7835 7.9028 30.0
12.5583 28.4898 7.3914 30.0
15.5438 15.9228 7.1828 30.0
28.8464 11.6411 7.3068 30.0
27.0411 9.4136 7.8567 10.0
25.9235 8.9575 8.0938 0.0
24.9235 9.0463 8.0148 0.0
23.9235 9.1352 7.9359 0.0
22.9235 9.224 7.857 0.0
21.9235 9.3128 7.7781 0.0
20.9235 9.4017 7.6991 0.0
19.9235 9.4905 7.6202 0.0
18.9235 9.5794 7.5413 0.0
17.9235 9.6682 7.4623 0.0
16.9235 9.7571 25.437 0.0
15.9235 9.8459 23.9339 -10.0
15.0152 10.6448 24.0618 -20.0
14.3615 12.7447 26.564 -20.0
13.885 14.4396 30.677 -20.0
13.5916 12.8563 34.5771 -20.0
13.5021 11.5966 33.0791 -20.0
13.6583 10.5992 31.9832 -20.0
14.1361 9.8249 31.24 -20.0
15.0728 9.2501 21.6051 -20.0
16.7302 8.8647 13.9891 -20.0
19.6595 8.6712 11.0304 -20.0
25.2309 8.6859 9.3575 -20.0
27.7953 8.944 8.2161 -20.0
26.4265 9.508 7.341 -10.0
25.3624 9.9033 7.0003 0.0
24.3624 9.869 7.0363 0.0
23.3624 9.8347 7.0724 0.0
22.3624 9.8004 7.1085 0.0
21.3624 9.7661 7.1445 0.0
20.3624 9.7318 7.1806 0.0
19.3624 9.6974 7.2167 0.0
18.3624 9.6631 7.2527 0.0
17.3624 9.6288 7.2888 0.0
16.3624 9.5945 7.3249 0.0
15.3624 9.5602 7.3609 0.0
14.3624 9.5259 7.397 0.0
10.1969 14.4205 7.3933 30.0
9.4632 16.1053 9.0235 30.0
8.9756 19.4685 9.4164 30.0
8.7386 31.6006 7.9764 30.0
8.8016 30.1273 6.9463 30.0
9.2919 29.4281 6.2294 30.0
10.5178 29.2307 5.7797 30.0
13.3358 18.0907 5.5896 30.0
27.9602 13.6046 5.6926 30.0
26.4269 11.138 6.1835 30.0
25.6467 9.5468 7.2794 0.0
24.6467 9.4136 7.4437 0.0
23.6467 9.2803 7.6079 0.0
22.6467 9.147 7.7722 0.0
21.6467 9.0137 7.9364 0.0
20.6467 8.8804 8.1007 0.0
19.6467 8.7471 8.2649 0.0
18.6467 8.6138 8.4292 -10.0
17.5855 8.9163 23.7804 -10.0
16.5845 9.3656 23.7424 -10.0
15.6369 9.9921 23.7829 -10.0
14.7366 10.8374 23.9186 -10.0
13.8785 11.9599 24.1732 -10.0
13.0577 13.4436 24.581 -10.0
12.2701 13.2339 25.1933 -20.0
11.8272 11.6013 29.9621 -20.0
11.5442 10.2923 33.2497 -20.0
11.4439 9.24 32.0152 -20.0
11.5711 8.4002 31.1444 -20.0
12.0076 7.7449 30.6042 -20.0
12.9068 7.2588 24.3834 -20.0
14.5797 6.9374 17.3908 -20.0
17.7455 6.7877 13.9771 -20.0
24.4993 6.8302 11.8858 -20.0
26.5631 7.1053 10.4242 -20.0
25.4205 7.6837 9.3081 -20.0
24.6069 8.691 8.3981 0.0
23.6069 8.8523 8.2668 0.0
22.6069 9.0135 8.1355 0.0
21.6069 9.1747 8.0042 0.0
20.6069 9.336 7.873 0.0
19.6069 9.4972 7.7417 0.0
18.6069 9.6584 7.6104 0.0
17.6069 9.8197 7.4791 0.0
16.6069 9.9809 7.3478 0.0
15.6069 10.1422 7.2165 0.0
14.6069 10.3034 7.0852 0.0
11.7722 16.6483 8.4548 30.0
11.0608 18.8243 10.319 30.0
10.6435 33.1884 11.1663 30.0
10.536 30.8189 9.617 30.0
10.811 29.3716 8.5322 30.0
11.6448 28.6765 7.8068 30.0
13.4549 21.9892 7.3936 30.0
29.5836 13.914 7.2905 30.0
27.1891 10.6111 7.5452 30.0
25.6748 8.7534 8.2819 0.0
24.6748 8.8498 8.197 0.0
23.6748 8.9463 8.1121 0.0
22.6748 9.0427 8.0272 0.0
21.6748 9.1392 7.9423 0.0
20.6748 9.2357 7.8575 0.0
19.6748 9.3321 7.7726 0.0
18.6748 9.4286 7.6877 0.0
17.6748 9.525 7.6028 0.0
16.6748 9.6215 25.1901 0.0
15.6748 9.7179 23.6795 0.0
14.6748 9.8144 22.1688 -20.0
13.9273 11.4652 24.0175 -20.0
13.3484 14.1742 27.0023 -20.0
12.9369 12.7895 32.1262 -20.0
12.7035 11.4168 33.8252 -20.0
12.6754 10.3207 32.5475 -20.0
12.9038 9.454 31.6435 -20.0
13.4819 8.7866 31.0777 -20.0
14.5823 8.3024 20.1378 -20.0
16.5504 7.9972 14.4957 -20.0
20.1737 7.8789 11.769 -20.0
27.6882 7.9707 10.086 -20.0
27.1171 8.3165 8.8907 -20.0
25.9419 8.9938 7.9583 -5.0
24.9405 9.2243 7.7575 0.0
23.9405 9.2348 7.7472 0.0
22.9405 9.2452 7.7368 0.0
21.9405 9.2557 7.7265 0.0
20.9405 9.2662 7.7162 0.0
19.9405 9.2766 7.7059 0.0
18.9405 9.2871 7.6956 0.0
17.9405 9.2975 7.6853 0.0
16.9405 9.308 7.675 0.0
15.9405 9.3184 7.6647 0.0
14.9405 9.3289 7.6544 0.0
20.317 6.7779 10.1926 0.0
19.317 6.7779 10.1926 0.0
18.317 6.7779 10.1926 0.0
17.317 6.7779 10.1926 0.0
16.317 23.0757 10.1926 0.0
15.317 21.6615 10.1926 -10.0
14.3563 19.1902 9.6502 10.0
13.349 18.8784 10.112 10.0
12.385 18.593 10.7524 10.0
11.4578 18.3374 11.6125 20.0
10.7304 33.7565 12.2952 20.0
10.1272 31.4827 10.5416 20.0
9.6448 29.7259 9.1315 20.0
9.2884 28.3751 7.9853 20.0
9.0752 27.3593 7.05 30.0
9.6662 26.7419 6.3616 30.0
11.0759 26.5448 5.9434 30.0
14.3108 16.9757 5.7925 30.0
25.053 12.9346 5.9491 30.0
23.6613 10.6607 6.5206 30.0
22.9384 9.1711 7.7519 0.0
21.9384 9.0178 7.9476 0.0
20.9384 8.8645 8.1434 0.0
19.9384 8.7112 8.3391 0.0
18.9384 8.5579 8.5349 0.0
17.9384 8.4045 22.6185 -10.0
16.8632 8.6607 22.4312 -10.0
15.847 9.055 22.2958 -10.0
14.8827 9.6147 22.2204 -10.0
13.964 10.3774 22.2167 -10.0
13.0852 11.3951 22.3008 -10.0
12.2416 12.7422 22.4964 -20.0
11.685 12.1995 25.6037 -20.0
11.2746 10.7066 31.2177 -20.0
11.0216 9.5046 33.0749 -30.0
11.5488 8.5642 31.8763 -30.0
12.7962 7.9687 31.4784 -30.0
15.41 7.6899 16.3753 -30.0
21.3773 7.746 11.4946 -30.0
29.3928 8.2146 9.1413 -20.0
28.1051 8.8009 8.1587 0.0
27.1051 8.7335 8.2333 0.0
26.1051 8.666 8.3079 0.0
25.1051 8.5986 8.3824 0.0
24.1051 8.5311 8.457 0.0
23.1051 8.4637 8.5315 0.0
22.1051 8.3962 8.6061 0.0
21.1051 8.3288 8.6807 0.0
20.1051 8.2613 8.7552 -5.0
19.0892 8.4189 8.5583 -5.0
18.0896 8.6341 8.3393 0.0
17.0896 8.6457 8.328 0.0
16.0896 8.6572 8.3167 0.0
15.0896 8.6687 8.3054 0.0
14.0896 8.6802 8.2941 0.0
8.4204 11.9083 6.3532 40.0
7.8364 14.1963 8.3319 40.0
7.6043 19.948 7.3614 40.0
7.7882 31.3188 6.2697 40.0
8.6201 30.6546 5.6168 40.0
10.8182 23.7818 5.3311 40.0
17.4471 14.8644 5.4326 40.0
28.6156 11.2462 6.0617 40.0
28.1456 9.289 7.63 0.0
27.1456 9.096 7.8954 0.0
26.1456 8.903 8.1607 0.0
25.1456 8.7101 8.4261 0.0
24.1456 8.5171 8.6915 0.0
23.1456 8.3242 8.9568 0.0
22.1456 8.1312 9.2222 -10.0
21.0039 8.3047 8.7979 -10.0
19.9381 8.6016 8.3738 -10.0
18.9402 9.0445 7.9473 -10.0
18.0034 9.6636 7.5161 0.0
17.0034 9.7784 7.4173 0.0
16.0034 9.8932 24.47 0.0
15.0034 10.0081 22.9409 -20.0
14.2791 11.7497 24.9769 -20.0
13.7286 14.6154 28.2668 -20.0
13.3527 13.0786 33.9541 -20.0
13.165 11.72 33.6383 -20.0
13.1969 10.6387 32.4005 -20.0
13.5068 9.7886 31.5312 -20.0
14.1998 9.1413 30.9974 -20.0
15.4721 8.6816 17.2982 -20.0
17.7193 8.407 12.8437 -20.0
21.8579 8.3279 10.5962 -20.0
28.456 8.4704 9.1663 -10.0
27.134 8.5114 8.7929 -10.0
25.9179 8.6563 8.4138 -10.0
24.797 8.9204 8.0281 -10.0
23.7621 9.324 7.6346 0.0
22.7621 9.3137 7.6451 0.0
21.7621 9.3033 7.6556 0.0
20.7621 9.293 7.6661 5.0
19.7785 9.028 7.9132 5.0
18.8101 8.746 8.227 5.0
17.8555 8.4476 8.6149 5.0
16.913 8.1337 9.0856 -5.0
15.8663 8.1663 8.9552 0.0
14.8663 8.0438 9.1033 0.0
14.186 20.062 5.4965 40.0
13.739 38.1308 7.2083 40.0
13.9528 34.0553 11.7003 40.0
15.0186 31.9304 12.0902 30.0
16.4587 23.9352 11.2904 20.0
17.7878 9.4622 10.7525 20.0
20.0389 7.5187 10.4249 0.0
19.0389 9.4873 9.9047 0.0
18.0389 11.4558 9.3845 0.0
17.0389 13.4243 8.8642 0.0
16.0389 15.3928 8.344 0.0
15.0389 17.3613 7.8238 0.0
14.0389 19.3298 7.3035 0.0
13.0389 21.2984 6.7833 10.0
25.5252 19.0882 6.3793 10.0
23.8799 17.4607 6.0352 15.0
22.1628 15.2283 5.8401 15.0
20.6734 13.6067 5.7642 15.0
19.3734 12.3426 5.8248 15.0
18.2344 11.3038 6.049 15.0
17.2349 10.4139 6.4789 5.0
16.2554 10.1078 21.898 0.0
15.2554 10.0407 20.5509 -20.0
14.3278 11.2072 21.6615 -20.0
13.5766 13.0816 23.4342 -20.0
12.9891 14.112 26.3054 -20.0
12.5634 12.4128 31.2464 -20.0
12.3094 11.0557 32.869 -20.0
12.2522 9.9697 31.6164 -20.0
12.4402 9.1079 30.7243 -20.0
12.9618 8.4409 30.1584 -30.0
15.2968 8.0968 17.009 -30.0
20.4003 8.0906 11.4212 -30.0
28.4466 8.487 8.9366 -5.0
27.2977 8.4094 8.914 -5.0
26.178 8.3712 8.8528 -5.0
25.0852 8.375 8.7573 -5.0
24.0171 8.4236 8.6311 0.0
23.0171 8.309 8.7678 0.0
22.0171 8.1944 8.9046 0.0
21.0171 8.0798 9.0413 -5.0
19.9782 8.168 8.8737 -5.0
18.9575 8.3075 8.6818 -5.0
17.9533 8.503 8.4676 0.0
16.9533 8.5019 8.4687 0.0
15.9533 8.5008 8.4698 0.0
14.9533 8.4997 8.4709 0.0
21.0 8.4853 8.4853 0.0
20.0 8.4853 8.4853 0.0
19.0 8.4853 8.4853 0.0
18.0 8.4853 8.4853 0.0
17.0 24.0416 8.4853 0.0
16.0 22.6274 8.4853 10.0
15.0404 22.5795 9.0227 10.0
14.1267 22.6087 9.7592 10.0
13.2534 36.4348 10.7464 20.0
12.6493 33.7572 13.2734 20.0
12.2012 31.6981 12.105 20.0
11.9172 30.114 10.7488 20.0
11.8199 28.9129 9.6608 20.0
11.9534 28.0365 8.7938 20.0
12.3982 27.4515 8.118 20.0
13.3046 24.1557 7.6167 20.0
14.9722 16.9449 7.2843 20.0
26.8614 13.5476 7.1271 20.0
24.9839 11.4976 7.1649 20.0
23.5005 10.0744 7.4368 10.0
22.3704 9.5824 7.6087 0.0
21.3704 9.7095 7.5009 0.0
20.3704 9.8367 7.3931 0.0
19.3704 9.9639 7.2853 0.0
18.3704 10.0911 7.1775 0.0
17.3704 10.2183 7.0697 0.0
16.3704 10.3455 25.2334 0.0
15.3704 10.4727 23.6919 -20.0
14.6642 12.3313 25.8957 -10.0
13.8625 13.9063 26.4976 -10.0
13.0968 13.9999 27.3582 -10.0
12.3639 12.5952 28.5819 -20.0
12.0354 11.1504 33.5761 -20.0
11.8866 9.9916 32.1892 -20.0
11.955 9.0657 31.1824 -20.0
12.3094 8.3387 30.5131 -30.0
14.2199 7.9182 20.4683 -30.0
18.3083 7.8224 12.8441 -30.0
29.021 8.0999 9.7922 -20.0
27.6372 8.478 8.6523 -20.0
26.4851 9.1992 7.7545 0.0
25.4851 9.1816 7.7726 0.0
24.4851 9.164 7.7906 0.0
23.4851 9.1464 7.8087 0.0
22.4851 9.1288 7.8267 0.0
21.4851 9.1112 7.8447 0.0
20.4851 9.0936 7.8628 0.0
19.4851 9.0761 7.8808 0.0
18.4851 9.0585 7.8988 0.0
17.4851 9.0409 7.9169 0.0
16.4851 9.0233 7.9349 0.0
15.4851 9.0057 7.9529 0.0
14.4851 8.9881 7.971 0.0
17.8565 25.2529 5.8603 0.0
16.8565 23.8387 5.8603 15.0
15.95 24.6953 6.4399 15.0
15.1538 38.8357 7.3513 15.0
14.4595 36.5526 8.7463 15.0
13.8623 34.6586 10.8982 15.0
13.3611 33.0773 12.9339 15.0
12.9588 31.7539 11.6708 20.0
12.9452 30.5181 10.5639 20.0
13.1941 29.6288 9.69 20.0
13.8008 29.0515 9.019 20.0
14.9413 19.1729 8.5343 20.0
16.9672 13.8443 8.2316 20.0
28.5454 11.2751 8.1192 20.0
26.6129 9.685 8.2205 20.0
25.098 8.5499 8.5804 0.0
24.098 8.7789 8.4074 0.0
23.098 9.008 8.2344 5.0
22.0219 8.8976 8.2465 5.0
20.9676 8.758 8.3041 5.0
19.9332 8.5917 8.4106 0.0
18.9332 8.6682 8.3415 0.0
17.9332 8.7448 8.2724 0.0
16.9332 8.8213 25.2434 -20.0
16.1939 10.2559 27.4959 -20.0
15.6545 12.621 31.0656 -10.0
14.9433 14.7496 32.5717 -10.0
14.2725 14.2377 34.6614 -20.0
14.096 12.785 34.2173 -20.0
14.1507 11.6336 32.895 -20.0
14.4957 10.732 31.9544 -20.0
15.2364 10.048 29.379 0.0
14.2364 9.3885 30.6028 0.0
13.2364 8.729 29.8481 -10.0
13.1444 8.1249 29.268 -20.0
14.4153 7.7048 19.0381 -20.0
16.7226 7.4588 14.4441 -20.0
21.1565 7.3993 11.9633 -20.0
26.2882 7.5553 10.347 -20.0
24.9256 7.9791 9.1645 -20.0
23.8987 8.7629 8.2267 0.0
22.8987 8.7996 8.1918 0.0
21.8987 8.8364 8.1568 0.0
20.8987 8.8731 8.1219 0.0
19.8987 8.9098 8.087 0.0
18.8987 8.9466 8.0521 0.0
17.8987 8.9833 8.0171 0.0
16.8987 9.0201 7.9822 0.0
15.8987 9.0568 7.9473 0.0
14.8987 9.0935 7.9124 0.0
18.5455 26.2273 5.1447 10.0
17.5902 26.4073 5.4705 10.0
16.6893 41.2008 5.9532 10.0
15.8378 39.3201 6.6327 10.0
15.0308 37.6469 7.5663 10.0
14.2647 36.148 8.8386 10.0
13.5361 34.7972 10.5796 10.0
12.842 33.5733 12.7075 10.0
12.1802 32.4591 11.4867 10.0
11.5487 31.4405 10.375 10.0
10.9461 30.506 9.3594 10.0
10.3712 29.646 8.4294 20.0
10.3744 28.7782 7.5859 20.0
10.6368 28.2107 6.917 20.0
11.2816 27.9308 6.4064 20.0
12.5575 20.5323 6.048 20.0
27.5813 16.2483 5.8461 20.0
25.6981 13.6835 5.8171 20.0
24.2167 11.9291 5.9946 20.0
23.073 10.6177 6.4384 10.0
22.1 10.057 6.8014 10.0
21.1977 9.5117 7.3269 10.0
20.3606 8.9761 8.0548 10.0
19.5847 8.4456 22.792 0.0
18.5847 8.1952 21.6283 0.0
17.5847 7.9447 20.4645 0.0
16.5847 7.6943 19.3007 -10.0
15.4335 7.7503 18.8925 -10.0
14.3438 7.9112 18.501 -20.0
13.3444 8.6649 19.2201 -20.0
12.5122 9.9277 20.4128 -20.0
11.8292 11.9982 22.3574 -30.0
11.6128 11.409 29.2997 -30.0
11.7739 10.0467 33.988 -30.0
12.4454 9.121 32.8301 -30.0
13.9331 8.5539 26.9386 -30.0
16.9977 8.3214 13.761 -30.0
24.0333 8.4488 9.9094 -30.0
30.2934 9.0272 7.9811 -20.0
29.0359 9.7284 7.157 -10.0
28.0367 10.2447 6.7987 10.0
27.0658 9.7048 7.1826 0.0
26.0658 9.6533 7.2381 0.0
25.0658 9.6017 7.2937 0.0
24.0658 9.5502 7.3493 0.0
23.0658 9.4987 7.4048 0.0
22.0658 9.4472 7.4604 0.0
21.0658 9.3957 7.5159 3.0
20.0834 9.1969 7.7178 3.0
19.1061 8.984 7.9567 3.0
18.1333 8.7574 8.2351 2.0
17.1531 8.5578 8.4945 0.0
16.1531 8.4268 8.6553 0.0
15.1531 8.2958 8.8161 0.0
14.1531 8.1648 8.9769 0.0
14.2378 20.1353 8.9524 10.0
13.2752 19.9295 9.5193 10.0
12.3526 19.7694 10.2913 10.0
11.4642 19.6642 11.3216 10.0
10.6049 19.6277 12.135 20.0
9.9993 32.17 10.3948 20.0
9.5125 30.3873 8.9945 20.0
9.1495 29.0204 7.8552 20.0
8.9267 27.9972 6.9245 20.0
8.878 27.2734 6.1676 20.0
9.0682 26.8258 5.5622 30.0
10.6743 23.7882 5.2193 30.0
26.4731 16.4853 5.1315 30.0
24.5984 12.977 5.3519 30.0
23.4645 10.8832 6.0107 30.0
22.9819 9.4683 7.4102 0.0
21.9819 9.2468 7.7328 0.0
20.9819 9.0253 8.0553 0.0
19.9819 8.8038 8.3779 0.0
18.9819 8.5823 22.6397 0.0
17.9819 8.3607 21.447 0.0
16.9819 8.1392 20.2543 0.0
15.9819 7.9177 19.0616 -10.0
14.8623 8.0323 18.66 -10.0
13.7996 8.2607 18.2746 -20.0
12.8442 9.1459 19.05 -20.0
12.0469 10.6071 20.333 -20.0
11.3921 12.5659 22.4418 -30.0
11.2099 10.7572 30.1234 -30.0
11.4037 9.4939 33.5559 -30.0
12.1184 8.6384 32.5453 -30.0
13.6887 8.1237 25.0769 -30.0
16.972 7.9332 13.9764 -30.0
24.8386 8.0992 10.2663 -30.0
29.857 8.7222 8.3303 -10.0
28.7137 8.9884 7.9505 -10.0
27.6698 9.3947 7.562 0.0
26.6698 9.3836 7.5732 0.0
25.6698 9.3726 7.5844 0.0
24.6698 9.3616 7.5956 0.0
23.6698 9.3505 7.6069 0.0
22.6698 9.3395 7.6181 0.0
21.6698 9.3284 7.6293 0.0
20.6698 9.3174 7.6405 0.0
19.6698 9.3063 7.6517 0.0
18.6698 9.2953 7.6629 0.0
17.6698 9.2843 7.6742 0.0
16.6698 9.2732 7.6854 0.0
15.6698 9.2622 7.6966 0.0
14.6698 9.2511 7.7078 0.0
9.7327 13.7641 8.505 40.0
9.1799 16.6302 10.6468 40.0
9.0493 31.7878 8.7602 40.0
9.434 29.7828 7.5945 40.0
10.6403 29.1284 6.9331 40.0
13.6008 19.2575 6.7024 40.0
28.8672 12.1773 6.9364 40.0
27.0914 9.2698 7.8168 10.0
26.0608 8.7988 8.1726 10.0
25.1162 8.3312 8.6868 0.0
24.1162 8.2553 8.7717 0.0
23.1162 8.1795 8.8566 -10.0
22.096 8.5616 8.4092 -10.0
21.1483 9.1073 7.9611 0.0
20.1483 9.1965 7.8819 0.0
19.1483 9.2856 7.8027 0.0
18.1483 9.3748 7.7235 0.0
17.1483 9.4639 7.6444 0.0
16.1483 9.5531 24.2769 0.0
15.1483 9.6423 22.7736 -10.0
14.2362 10.4272 22.8186 -15.0
13.4571 11.9613 23.9806 -18.0
12.8475 13.7988 26.591 -24.0
12.5909 12.0793 33.8591 -24.0
12.6039 10.781 33.275 -23.0
12.89 9.8093 32.1564 -23.0
13.6066 9.096 31.5107 -23.0
14.992 8.6153 19.1844 -23.0
17.563 8.3615 13.0473 -23.0
22.6478 8.3497 10.3506 -23.0
28.9563 8.6212 8.7524 0.0
27.9563 8.3743 9.1317 0.0
26.9563 8.1275 9.5109 -3.0
25.8662 7.9727 9.6329 -3.0
24.7878 7.8375 9.7219 -6.0
23.6631 7.8239 9.5523 -6.0
22.5725 7.8633 9.3544 -7.0
21.5067 8.0012 9.071 -7.0
20.4785 8.2186 8.7687 0.0
19.4785 8.1874 8.8013 0.0
18.4785 8.1563 8.8339 0.0
17.4785 8.1251 8.8665 0.0
16.4785 8.0939 8.8991 0.0
15.4785 8.0628 8.9317 0.0
14.4785 8.0316 8.9643 0.0
0 0 0 3.0
21.0046 8.341 8.6373 2.0
20.0106 8.225 8.7686 2.0
19.0189 8.0967 8.9215 2.0
18.0293 7.9566 9.097 2.0
17.0414 39.7679 9.2959 2.0
16.0551 39.2835 9.5192 3.0
15.0787 38.6112 9.8361 3.0
14.1052 22.4373 10.1976 3.0
13.134 21.3167 10.6067 3.0
12.1645 20.1544 11.067 20.0
11.4916 33.8224 12.8405 20.0
10.9551 31.6559 11.127 20.0
10.5564 29.9851 9.751 20.0
10.308 28.7088 8.6377 20.0
10.2377 27.7626 7.7375 30.0
11.146 27.2609 7.1008 30.0
13.134 20.844 6.7551 30.0
27.3834 14.0722 6.7083 30.0
25.3225 10.9826 7.0193 30.0
24.0456 9.1641 7.8314 0.0
23.0456 9.1884 7.8079 0.0
22.0456 9.2127 7.7844 0.0
21.0456 9.237 7.7609 0.0
20.0456 9.2612 7.7375 0.0
19.0456 9.2855 7.714 0.0
18.0456 9.3098 7.6905 0.0
17.0456 9.3341 24.5201 0.0
16.0456 9.3584 23.0816 0.0
15.0456 9.3827 21.6431 0.0
14.0456 9.407 20.2046 -20.0
13.2175 10.77 21.5324 -20.0
12.5483 12.9872 23.6752 -20.0
12.0306 12.3647 27.2657 -20.0
11.6671 10.9061 33.8724 -20.0
11.473 9.7339 32.9743 -30.0
12.1242 8.8286 31.8686 -30.0
13.5805 8.2726 27.7339 -30.0
16.6041 8.0432 14.4086 -30.0
23.627 8.1666 10.3884 -30.0
29.287 8.7335 8.3639 0.0
28.287 8.5529 8.6065 0.0
27.287 8.3722 8.8492 0.0
26.287 8.1916 9.0918 0.0
25.287 8.011 9.3344 0.0
24.287 7.8303 9.577 0.0
23.287 7.6497 9.8196 0.0
22.287 7.4691 10.0622 0.0
21.287 7.2884 10.3048 0.0
20.287 7.1078 10.5474 0.0
19.287 6.9271 10.79 0.0
18.287 6.7465 11.0327 0.0
17.287 6.5659 11.2753 -5.0
16.2286 6.5299 11.0889 -5.0
15.1872 6.5354 10.8802 0.0
14.1872 6.4216 11.0159 0.0
