3 10 10 5 5 1 
44.20035952616621 -823.7754468058235 -320.4157373183897 -922.9524696965076 
22.83457428028714 -415.64223166392145 -161.38427888087193 -465.8314678967153 
39.15554673530047 -729.4480392825959 -283.21730398570344 -818.0603251021143 
25.94057854646963 -474.4397389137836 -183.78468280024947 -531.2565410005346 
51.592966079594206 -959.0631926461846 -372.87367541686757 -1074.3791673219062 
39.12140499914554 -739.3605187879499 -286.90202056660775 -827.6101907156979 
30.55664643610654 -565.9852216623501 -219.25370249428684 -633.3786800937949 
21.445288269844028 -392.040901457665 -152.02232291919026 -439.44367117475673 
43.934325125469684 -827.7847202441865 -321.66615133239645 -927.6552550601334 
36.83230015171328 -686.6402401877972 -266.43418614695923 -769.7074850771124 
3.543658867376408 -14.889180407940117 -107.50377300305524 -68.62655468062026 -25.96195016516214 -60.154883635794626 -62.09148639084427 -102.68385026100164 -73.98984871689441 -70.35034690171874 -90.72823003265184 
19.671342916016098 -98.57435136440553 -706.6936832191035 -450.5580586449224 -172.151074422155 -398.66688470038054 -406.6470342944879 -675.1975056579918 -484.24773275387247 -464.9944859363077 -598.1346719396245 
17.870613014490146 -90.41515673018198 -646.3652197799837 -411.8869928106741 -157.4527142097599 -364.2420183379967 -372.4372647724809 -617.8975039927731 -442.49530337617057 -424.9034865186929 -547.0223012250857 
17.384647031820723 -83.5874385922637 -597.1455462978806 -380.6183061373084 -144.6885619210958 -336.51130275172653 -344.04008638867776 -570.3279960454286 -408.98606860155627 -392.9733093861201 -505.114866725367 
10.004246935131418 -48.3440543245716 -348.06789893602803 -221.5821781995228 -84.91500679183025 -196.23353114237497 -200.1440320753462 -332.35281217250747 -238.98503351950856 -228.8086816727712 -294.29352757177975 
20.936027583390135 -2496.9076844175156 -1329.0123322704187 -2261.1511535868412 -2896.6674476822495 -3419.52302118313 
