21.0 8.4853 8.4853 0.0
20.0 8.4853 8.4853 0.0
19.0 8.4853 8.4853 0.0
18.0 8.4853 8.4853 0.0
17.0 24.0416 8.4853 0.0
16.0 22.6274 8.4853 0.0
15.0 21.2132 8.4853 20.0
14.1526 22.6093 9.6481 20.0
13.4771 35.2135 11.5546 20.0
12.9657 32.8454 13.5138 20.0
12.6218 31.0218 11.9658 20.0
12.462 29.6261 10.7282 20.0
12.5215 28.5838 9.7412 20.0
12.8653 27.8494 8.9662 20.0
13.6115 27.399 8.3797 20.0
14.9856 17.7254 7.9707 20.0
28.1672 13.582 7.74 20.0
26.042 11.315 7.7014 20.0
24.3593 9.8215 7.8853 20.0
23.0381 8.7173 8.3472 20.0
22.0268 7.8326 9.1839 0.0
21.0268 7.793 9.2258 0.0
20.0268 7.7534 9.2677 0.0
19.0268 7.7139 9.3096 0.0
18.0268 7.6743 24.7805 -10.0
17.0422 8.091 24.8249 -10.0
16.1116 8.68 24.964 -10.0
15.2293 9.4829 25.2193 -10.0
14.3902 10.5589 25.6215 -10.0
13.59 11.9935 26.2155 -20.0
13.1356 13.329 30.6387 -20.0
12.8568 11.8644 34.9261 -20.0
12.776 10.695 33.5172 -20.0
12.9375 9.7673 32.5055 -20.0
13.4214 9.0471 31.8479 -20.0
14.3749 8.5145 22.4385 -20.0
16.0846 8.1622 15.2539 -20.0
19.1765 7.9948 12.1258 -20.0
25.3022 8.0312 10.2892 -20.0
28.1603 8.3092 9.0227 -20.0
26.878 8.8959 8.0538 -20.0
25.9499 9.9088 7.2556 10.0
24.9187 9.4003 7.5761 5.0
23.9304 9.1414 7.8001 0.0
22.9304 9.1056 7.8378 0.0
21.9304 9.0699 7.8754 0.0
20.9304 9.0342 7.913 0.0
19.9304 8.9985 7.9506 0.0
18.9304 8.9628 7.9882 0.0
17.9304 8.927 8.0259 0.0
16.9304 8.8913 8.0635 0.0
15.9304 8.8556 8.1011 0.0
19.9177 28.1678 5.4768 10.0
18.9646 43.017 5.8237 30.0
18.537 9.5335 7.3847 10.0
17.8185 8.9635 8.608 10.0
17.1515 8.3967 10.281 10.0
16.5342 7.8292 12.6016 10.0
15.9659 32.6121 15.1361 10.0
15.4467 31.5831 13.9508 10.0
14.9776 30.6395 12.8763 10.0
14.5608 29.7715 11.9009 10.0
14.2001 28.9708 11.0151 10.0
13.9009 28.2308 10.211 10.0
13.6712 27.5458 9.4822 10.0
13.5222 26.911 8.8237 10.0
13.4701 26.3226 8.2316 10.0
13.5378 23.1628 7.7033 10.0
13.7591 20.1065 7.2368 10.0
26.601 18.0747 6.8316 10.0
24.9132 16.5803 6.4879 10.0
23.3656 15.4016 6.2073 10.0
21.9383 14.423 5.9925 10.0
20.6151 13.5784 5.8479 10.0
19.3822 12.8267 5.7797 10.0
18.2282 12.1413 5.7964 10.0
17.1432 11.5038 5.9095 10.0
16.1188 10.9012 23.1047 -10.0
15.1711 11.6311 23.1055 -10.0
14.2693 12.6009 23.1935 -10.0
13.4078 13.8752 23.3903 -10.0
12.582 14.234 23.727 -10.0
11.7875 12.7002 24.2504 -10.0
11.0206 11.3151 25.033 -10.0
10.2775 10.0577 26.1944 -20.0
9.9051 8.8099 31.745 -20.0
9.6796 7.7958 30.5529 -20.0
9.6329 6.9739 29.7038 -20.0
9.8253 6.3176 29.1661 -20.0
10.3714 5.8114 28.929 -20.0
11.5056 5.4493 21.7687 -20.0
13.7744 5.2355 17.2673 -20.0
18.7836 5.1855 14.5481 -20.0
25.0968 5.3314 12.6841 -20.0
23.9736 5.7306 11.2933 -20.0
23.1599 6.4861 10.1887 10.0
22.0777 6.2158 10.5691 10.0
21.071 5.918 11.1108 10.0
20.1328 5.5954 11.8473 10.0
19.2573 5.2496 12.8245 -10.0
18.1688 5.3402 12.1403 -10.0
17.1442 5.5387 11.4986 -10.0
16.1762 5.8655 10.8881 -10.0
15.2584 6.3483 10.3002 -10.0
14.3853 7.0261 9.728 -10.0
21.0 8.4853 8.4853 0.0
20.0 8.4853 8.4853 0.0
19.0 8.4853 8.4853 0.0
18.0 8.4853 8.4853 0.0
17.0 24.0416 8.4853 0.0
16.0 22.6274 8.4853 20.0
15.1591 38.3087 9.6481 20.0
14.5038 35.2135 11.5546 20.0
14.0275 32.8454 14.6205 20.0
13.7362 31.0218 13.0223 20.0
13.6508 29.6261 11.7516 20.0
13.8134 28.5838 10.7463 20.0
14.3003 27.8494 9.9663 20.0
15.2493 20.9646 9.3881 20.0
30.8591 13.5677 9.001 20.0
28.1672 10.7217 8.8074 20.0
26.042 9.1131 8.8238 20.0
24.3593 8.0124 9.0852 20.0
23.0381 7.1649 9.6545 0.0
22.0381 7.2974 9.5429 0.0
21.0381 7.43 9.4313 0.0
20.0381 7.5625 9.3197 0.0
19.0381 7.695 9.2081 0.0
18.0381 7.8276 9.0964 0.0
17.0381 7.9601 26.3537 -10.0
16.1605 8.7034 26.7112 -10.0
15.3295 9.7062 27.2378 -10.0
14.5409 11.0493 27.9854 -20.0
14.1202 14.3468 32.8367 -20.0
13.8917 12.8363 35.4248 -20.0
13.882 11.6369 33.9968 -20.0
14.1423 10.6928 32.9733 -20.0
14.764 9.9686 32.3104 -20.0
15.9139 9.4443 16.8599 -20.0
17.9158 9.113 11.9388 -20.0
21.4748 8.9809 9.7463 -20.0
28.4435 9.0695 8.4149 -20.0
28.6425 9.421 7.4602 -20.0
27.3491 10.1098 6.6993 -20.0
26.4165 11.265 6.0465 10.0
25.3867 10.6749 6.3026 10.0
24.4407 10.1072 6.6981 10.0
23.5723 9.5548 7.2643 0.0
22.5723 9.4092 7.4476 0.0
21.5723 9.2637 7.6309 0.0
20.5723 9.1181 7.8142 0.0
19.5723 8.9725 7.9976 0.0
18.5723 8.8269 8.1809 0.0
17.5723 8.6813 8.3642 0.0
16.5723 8.5358 8.5475 0.0
15.5723 8.3902 8.7309 0.0
14.5723 8.2446 8.9142 0.0
15.7468 22.2694 8.9807 10.0
14.7868 22.1988 9.5494 10.0
13.8718 22.2008 10.3236 10.0
12.9963 36.007 11.3564 20.0
12.3852 33.3586 13.5125 20.0
11.9261 31.3204 11.832 20.0
11.6261 29.7507 10.4862 20.0
11.5064 28.5583 9.4045 20.0
11.609 27.686 8.5404 20.0
12.0105 27.1002 7.8642 20.0
12.8544 25.5094 7.359 20.0
14.4271 17.795 7.0191 20.0
26.4859 14.1732 6.8502 20.0
24.622 11.9977 6.8713 20.0
23.1467 10.4954 7.12 20.0
21.9964 9.3573 7.663 10.0
21.0152 8.8686 8.0856 10.0
20.1013 8.3843 8.6818 10.0
19.2491 7.9007 23.6955 -10.0
18.1384 8.0804 23.5318 -10.0
17.0932 8.3844 23.4253 -10.0
16.1056 8.8359 23.3846 -10.0
15.169 9.4661 23.4221 -10.0
14.2777 10.3183 23.5548 -10.0
13.4263 11.4532 23.807 -15.0
12.7302 13.6226 25.5071 -15.0
12.117 12.3215 28.1258 -15.0
11.5848 10.9657 32.3813 -15.0
11.135 9.8016 33.3835 -15.0
10.773 8.7983 32.3057 -15.0
10.5096 7.9329 31.4256 -15.0
10.3634 7.1888 30.7243 -15.0
10.3649 6.5539 30.1904 -26.0
11.7072 6.1466 24.2517 -26.0
14.5707 5.9631 16.7558 -26.0
21.6863 6.0312 13.1938 -26.0
26.9622 6.4192 11.0606 -13.0
25.8789 6.7389 10.3 -13.0
24.9404 7.2591 9.6056 0.0
23.9404 7.3442 9.5297 0.0
22.9404 7.4293 9.4537 0.0
21.9404 7.5143 9.3778 0.0
20.9404 7.5994 9.3018 0.0
19.9404 7.6845 9.2259 0.0
18.9404 7.7696 9.15 0.0
17.9404 7.8547 9.074 0.0
16.9404 7.9397 8.9981 0.0
15.9404 8.0248 8.9221 0.0
14.9404 8.1099 8.8462 0.0
18.512 26.1799 5.9385 0.0
17.512 24.7657 5.9385 0.0
16.512 23.3515 5.9385 0.0
15.512 21.9373 5.9385 20.0
14.668 23.4326 6.7523 20.0
14.0028 37.3349 8.1474 20.0
13.5094 34.8383 10.5508 20.0
13.1924 32.9243 12.5067 20.0
13.0707 31.469 11.2522 20.0
13.183 30.3937 10.2558 20.0
13.6 29.6505 9.4783 20.0
14.4501 24.7684 8.896 20.0
15.9774 15.5966 8.4982 20.0
30.1468 12.1175 8.2865 20.0
27.9354 10.1876 8.2761 20.0
26.1967 8.8952 8.4997 20.0
24.8456 7.9224 9.0166 20.0
23.8285 7.1284 9.9298 0.0
22.8285 7.0889 9.9717 0.0
21.8285 7.0493 10.0136 0.0
20.8285 7.0097 10.0555 -10.0
19.8439 7.3868 9.5285 -10.0
18.9227 7.9284 9.0121 -10.0
18.0594 8.6742 8.5015 -10.0
17.2493 9.6804 7.9927 0.0
16.2493 10.0467 28.9316 0.0
15.2493 10.413 27.1511 0.0
14.2493 10.7792 25.3706 -20.0
13.7208 13.5582 28.8847 -20.0
13.3685 12.9465 35.0312 -20.0
13.2081 11.6226 34.1722 -20.0
13.2737 10.57 32.9663 -20.0
13.6285 9.7451 32.133 -20.0
14.3863 9.121 28.4666 -20.0
15.7606 8.6842 16.3289 -20.0
18.1879 8.4337 12.3678 -20.0
22.7015 8.3815 10.2921 -20.0
28.9543 8.5565 8.9429 -20.0
27.4756 9.0116 7.9453 -20.0
26.3724 9.8389 7.1402 0.0
25.3724 9.8434 7.1358 0.0
24.3724 9.8478 7.1314 0.0
23.3724 9.8523 7.1269 0.0
22.3724 9.8568 7.1225 0.0
21.3724 9.8612 7.118 0.0
20.3724 9.8657 7.1136 0.0
19.3724 9.8702 7.1092 0.0
18.3724 9.8747 7.1047 0.0
17.3724 9.8791 7.1003 0.0
16.3724 9.8836 7.0958 0.0
15.3724 9.8881 7.0914 0.0
14.3724 9.8925 7.087 0.0
13.4344 18.9991 9.5906 10.0
12.4705 18.7215 10.198 10.0
11.5438 18.475 11.0184 10.0
10.6486 18.2652 12.1075 10.0
9.7795 18.1 11.1905 20.0
9.1454 31.6713 9.5071 20.0
8.6159 29.911 8.1467 20.0
8.1926 28.5589 7.0337 30.0
8.3433 27.4812 6.1565 30.0
8.9735 27.0776 5.5548 30.0
10.503 24.4363 5.1994 30.0
26.8429 16.777 5.0967 30.0
24.9187 13.1511 5.2971 30.0
23.7496 11.004 5.9249 30.0
23.2409 9.5605 7.2686 30.0
22.8424 8.5048 10.0796 0.0
21.8424 8.1325 23.3326 0.0
20.8424 7.7602 22.2907 0.0
19.8424 7.3878 21.2488 -15.0
18.916 7.3561 21.1868 -15.0
17.6166 7.4765 21.2551 -15.0
16.4675 7.7789 21.4785 -15.0
15.4469 8.3092 21.8957 -15.0
14.538 9.1384 22.5665 -15.0
13.7286 10.3809 23.5873 -15.0
13.0097 12.2284 25.12 -15.0
12.3756 12.8447 27.4568 -15.0
11.8236 11.4237 31.1802 -15.0
11.3543 10.2059 34.0849 -23.0
11.3806 9.1337 32.7333 -23.0
11.7236 8.3195 31.8812 -23.0
12.5302 7.7285 31.4862 -23.0
14.1049 7.3455 19.2181 -23.0
17.1663 7.1734 14.1594 -23.0
23.8576 7.2359 11.5274 -23.0
28.2325 7.5855 9.8531 -23.0
27.0606 8.323 8.6495 0.0
26.0606 8.3156 8.657 0.0
25.0606 8.3081 8.6645 0.0
24.0606 8.3007 8.6721 0.0
23.0606 8.2933 8.6796 0.0
22.0606 8.2858 8.6871 0.0
21.0606 8.2784 8.6946 0.0
20.0606 8.271 8.7021 0.0
19.0606 8.2635 8.7096 0.0
18.0606 8.2561 8.7172 0.0
17.0606 8.2486 8.7247 0.0
16.0606 8.2412 8.7322 0.0
15.0606 8.2338 8.7397 0.0
14.0606 8.2263 8.7472 0.0
