22.0 8.4853 8.4853 -2.1551493011074356
21.0024 8.5937 8.3809 -2.1715982675011176
20.0078 8.7253 8.2623 -2.1773269537129423
19.0161 8.8808 8.1303 -2.155378260084454
18.0268 24.2703 7.9866 23.304798355017347
17.1442 39.4998 9.0869 23.667378373839583
16.559 7.1791 11.0441 -3.4069305324071024
15.4965 35.8809 11.0998 23.662631214428984
15.1187 33.0115 14.4425 23.03103824992627
14.9974 30.9681 14.1678 22.29192740123036
15.1455 29.5166 12.8509 22.84599605371654
15.7118 28.4975 11.8618 22.996267950031672
16.851 13.6339 11.1635 -2.0929613059262735
15.6368 27.1123 10.4942 23.339227261858525
17.418 11.7124 10.0333 -2.1406946635487287
16.1278 15.8859 9.4366 2.9958829230016804
29.9369 17.5076 8.8803 -1.9981845224372279
14.2721 21.8442 8.2905 23.367535100760122
26.0777 14.3378 8.0168 -1.9527636748392325
25.2277 16.4282 7.5091 -1.3718445590253765
24.3317 18.5055 7.0023 2.8219935003550844
23.1308 19.1176 6.5396 11.48900528308225
21.4582 17.0699 6.2099 11.870466647116103
19.9283 15.4711 5.9624 12.885362636579202
18.5117 14.0665 5.8193 13.454825334652575
17.2219 12.87 5.7937 13.498799470886247
16.0553 11.8686 5.8973 12.88775425644458
14.9943 11.044 22.0818 -10.472365052730595
14.0706 11.9042 22.1257 -10.574000690608038
13.1935 13.0621 22.2903 -10.322838961842674
12.352 14.2603 22.5388 -10.083241790433178
11.5386 12.6771 22.8929 -14.569563798135292
10.8708 11.1359 24.8181 -20.742709722126925
10.4797 9.7305 31.077 -25.343057690122546
10.464 8.5953 31.3784 -25.590777568300197
10.7964 7.7548 30.4523 -25.537866232627103
11.6349 7.1648 30.0681 -25.44081545814732
13.3474 6.8047 20.2629 -17.380381959923284
15.1432 6.5321 16.2783 -8.840028548484735
16.0494 6.2386 15.3723 -7.085669469217265
16.9051 5.9684 14.8825 -6.074115250541624
17.8099 5.722 14.5666 -5.3094012245002205
18.7953 5.4972 14.3486 -4.6711582116153565
19.8752 5.2919 14.1939 -4.1224358391187295
21.0596 5.1041 14.0826 -3.6506816999020018
21.9954 4.9321 14.0016 -3.3608936114729957
20.9256 4.7771 13.9287 -3.778088613672594
19.8607 4.652 13.7879 -4.262684940552063
18.803 4.5628 13.5779 -4.7975440599409325
17.7555 4.5165 13.3007 -5.355179622070359
16.7218 4.5216 12.9623 -5.900676818511663
15.7054 4.5879 12.5721 -6.3961803320915465
14.7091 4.727 12.1416 -6.805167681713307
13.7345 4.9519 11.6826 -7.094981077328498
13.7345 4.9519 11.6826 -7.094981077328498
22.0 8.4853 8.4853 -2.1551493011074356
21.0024 8.5937 8.3809 -2.1715982675011176
20.0078 8.7253 8.2623 -2.1773269537129423
19.0161 8.8808 8.1303 -2.155378260084454
18.0268 24.2703 7.9866 23.304798355017347
17.1442 39.4998 9.0869 23.667378373839583
16.559 7.1791 11.0441 -3.4069305324071024
15.4965 35.8809 11.0998 23.662631214428984
15.1187 33.0115 14.4425 23.03103824992627
14.9974 30.9681 14.1678 22.29192740123036
15.1455 29.5166 12.8509 22.84599605371654
15.7118 28.4975 11.8618 22.996267950031672
16.851 13.6339 11.1635 -2.0929613059262735
15.6368 27.1123 10.4942 23.339227261858525
17.418 11.7124 10.0333 -2.1406946635487287
16.1278 15.8859 9.4366 2.9958829230016804
29.9369 17.5076 8.8803 -1.9981845224372279
14.2721 21.8442 8.2905 23.367535100760122
26.0777 14.3378 8.0168 -1.9527636748392325
25.2277 16.4282 7.5091 -1.3718445590253765
24.3317 18.5055 7.0023 2.8219935003550844
23.1308 19.1176 6.5396 11.48900528308225
21.4582 17.0699 6.2099 11.870466647116103
19.9283 15.4711 5.9624 12.885362636579202
18.5117 14.0665 5.8193 13.454825334652575
17.2219 12.87 5.7937 13.498799470886247
16.0553 11.8686 5.8973 12.88775425644458
14.9943 11.044 22.0818 -10.472365052730595
14.0706 11.9042 22.1257 -10.574000690608038
13.1935 13.0621 22.2903 -10.322838961842674
12.352 14.2603 22.5388 -10.083241790433178
11.5386 12.6771 22.8929 -14.569563798135292
10.8708 11.1359 24.8181 -20.742709722126925
10.4797 9.7305 31.077 -25.343057690122546
10.464 8.5953 31.3784 -25.590777568300197
10.7964 7.7548 30.4523 -25.537866232627103
11.6349 7.1648 30.0681 -25.44081545814732
13.3474 6.8047 20.2629 -17.380381959923284
15.1432 6.5321 16.2783 -8.840028548484735
16.0494 6.2386 15.3723 -7.085669469217265
16.9051 5.9684 14.8825 -6.074115250541624
17.8099 5.722 14.5666 -5.3094012245002205
18.7953 5.4972 14.3486 -4.6711582116153565
19.8752 5.2919 14.1939 -4.1224358391187295
21.0596 5.1041 14.0826 -3.6506816999020018
21.9954 4.9321 14.0016 -3.3608936114729957
20.9256 4.7771 13.9287 -3.778088613672594
19.8607 4.652 13.7879 -4.262684940552063
18.803 4.5628 13.5779 -4.7975440599409325
17.7555 4.5165 13.3007 -5.355179622070359
16.7218 4.5216 12.9623 -5.900676818511663
15.7054 4.5879 12.5721 -6.3961803320915465
14.7091 4.727 12.1416 -6.805167681713307
13.7345 4.9519 11.6826 -7.094981077328498
13.7345 4.9519 11.6826 -7.094981077328498
22.0 8.4853 8.4853 2.6745294515705353
21.0036 8.3563 8.6204 1.804400527969591
20.0085 8.2512 8.7378 1.1370883266853937
19.0124 8.1642 8.8374 0.5766787463315382
18.0145 8.094 8.9172 0.011437370412068049
17.0146 40.8241 8.9707 20.967946882658424
16.267 36.9424 10.4322 20.96794632701596
15.7402 34.0469 12.8779 20.96793651930188
15.4366 5.9021 15.4099 -10.004437645582062
14.1345 32.2712 14.8047 20.9678793634113
13.8795 30.4005 13.1648 20.967826166889445
13.8562 28.992 11.8802 20.9677619991836
14.1167 27.9628 10.8814 20.967696808429572
14.7576 27.2637 10.1251 20.96764193445751
15.9579 16.9427 9.5869 20.709400713393045
29.7178 11.6384 9.2535 16.799176747607767
27.3844 9.9721 9.0428 7.796333640497977
25.8952 9.9409 8.769 9.597608057998592
24.4109 9.6319 8.5945 8.945309448259067
23.0572 9.3705 8.478 8.293374833649011
21.8041 9.1396 8.4153 7.538040946436411
20.6301 8.9368 8.3991 6.6775336415104505
19.5163 8.7617 8.4197 5.700455582300805
18.4464 8.6163 8.4644 4.561093539024206
17.407 8.5068 26.7206 -12.958781373847724
16.5764 9.4809 27.7292 -16.825829925378514
15.9312 11.2655 30.2561 -17.56184059684093
15.453 14.2092 34.4639 -17.57072424886701
15.1337 14.4125 35.6578 -17.576406707881198
14.9882 13.1134 34.1973 -17.57983404883717
15.045 12.0526 33.0613 -17.581272992852565
15.3528 11.196 32.2094 -17.575748844404945
15.9927 10.5211 21.6557 -17.216757432761604
17.0553 10.0103 12.7198 -9.77619927515164
17.4935 9.5389 12.1096 -8.132051494382107
17.8658 9.1075 12.0077 -6.967903534378593
18.1933 8.7069 12.0803 -6.672551847347336
18.6244 8.3423 12.109 -6.845425580504958
19.301 8.0207 12.0281 -7.167433926142138
20.3615 7.7479 11.8436 -7.492893988826658
21.9871 7.5289 11.5815 -7.7698511265111065
24.4732 7.3684 11.2663 -8.008308321295573
23.3327 7.272 10.9146 -7.708830154560701
22.1449 7.2316 10.5813 -7.28126475564445
21.0166 7.2444 10.2699 -6.707111691935609
19.9365 7.3051 9.9837 -5.95704343845528
18.8931 7.4039 9.7274 -5.030418724240391
17.8747 7.527 9.5054 -4.014136419601137
16.8707 7.6598 9.3186 -3.1874828308328134
15.8736 7.7979 9.1554 -3.0904739131486565
14.8812 7.9663 8.9805 -4.035722762371606
13.8979 8.2206 8.7468 -4.471269891474876
13.8979 8.2206 8.7468 -4.471269891474876
22.0 8.4853 8.4853 2.6745294515705353
21.0036 8.3563 8.6204 1.804400527969591
20.0085 8.2512 8.7378 1.1370883266853937
19.0124 8.1642 8.8374 0.5766787463315382
18.0145 8.094 8.9172 0.011437370412068049
17.0146 40.8241 8.9707 20.967946882658424
16.267 36.9424 10.4322 20.96794632701596
15.7402 34.0469 12.8779 20.96793651930188
15.4366 5.9021 15.4099 -10.004437645582062
14.1345 32.2712 14.8047 20.9678793634113
13.8795 30.4005 13.1648 20.967826166889445
13.8562 28.992 11.8802 20.9677619991836
14.1167 27.9628 10.8814 20.967696808429572
14.7576 27.2637 10.1251 20.96764193445751
15.9579 16.9427 9.5869 20.709400713393045
29.7178 11.6384 9.2535 16.799176747607767
27.3844 9.9721 9.0428 7.796333640497977
25.8952 9.9409 8.769 9.597608057998592
24.4109 9.6319 8.5945 8.945309448259067
23.0572 9.3705 8.478 8.293374833649011
21.8041 9.1396 8.4153 7.538040946436411
20.6301 8.9368 8.3991 6.6775336415104505
19.5163 8.7617 8.4197 5.700455582300805
18.4464 8.6163 8.4644 4.561093539024206
17.407 8.5068 26.7206 -12.958781373847724
16.5764 9.4809 27.7292 -16.825829925378514
15.9312 11.2655 30.2561 -17.56184059684093
15.453 14.2092 34.4639 -17.57072424886701
15.1337 14.4125 35.6578 -17.576406707881198
14.9882 13.1134 34.1973 -17.57983404883717
15.045 12.0526 33.0613 -17.581272992852565
15.3528 11.196 32.2094 -17.575748844404945
15.9927 10.5211 21.6557 -17.216757432761604
17.0553 10.0103 12.7198 -9.77619927515164
17.4935 9.5389 12.1096 -8.132051494382107
17.8658 9.1075 12.0077 -6.967903534378593
18.1933 8.7069 12.0803 -6.672551847347336
18.6244 8.3423 12.109 -6.845425580504958
19.301 8.0207 12.0281 -7.167433926142138
20.3615 7.7479 11.8436 -7.492893988826658
21.9871 7.5289 11.5815 -7.7698511265111065
24.4732 7.3684 11.2663 -8.008308321295573
23.3327 7.272 10.9146 -7.708830154560701
22.1449 7.2316 10.5813 -7.28126475564445
21.0166 7.2444 10.2699 -6.707111691935609
19.9365 7.3051 9.9837 -5.95704343845528
18.8931 7.4039 9.7274 -5.030418724240391
17.8747 7.527 9.5054 -4.014136419601137
16.8707 7.6598 9.3186 -3.1874828308328134
15.8736 7.7979 9.1554 -3.0904739131486565
14.8812 7.9663 8.9805 -4.035722762371606
13.8979 8.2206 8.7468 -4.471269891474876
13.8979 8.2206 8.7468 -4.471269891474876
22.0 8.4853 8.4853 2.6745294515705353
21.0036 8.3563 8.6204 1.804400527969591
20.0085 8.2512 8.7378 1.1370883266853937
19.0124 8.1642 8.8374 0.5766787463315382
18.0145 8.094 8.9172 0.011437370412068049
17.0146 40.8241 8.9707 20.967946882658424
16.267 36.9424 10.4322 20.96794632701596
15.7402 34.0469 12.8779 20.96793651930188
15.4366 5.9021 15.4099 -10.004437645582062
14.1345 32.2712 14.8047 20.9678793634113
13.8795 30.4005 13.1648 20.967826166889445
13.8562 28.992 11.8802 20.9677619991836
14.1167 27.9628 10.8814 20.967696808429572
14.7576 27.2637 10.1251 20.96764193445751
15.9579 16.9427 9.5869 20.709400713393045
29.7178 11.6384 9.2535 16.799176747607767
27.3844 9.9721 9.0428 7.796333640497977
25.8952 9.9409 8.769 9.597608057998592
24.4109 9.6319 8.5945 8.945309448259067
23.0572 9.3705 8.478 8.293374833649011
21.8041 9.1396 8.4153 7.538040946436411
20.6301 8.9368 8.3991 6.6775336415104505
19.5163 8.7617 8.4197 5.700455582300805
18.4464 8.6163 8.4644 4.561093539024206
17.407 8.5068 26.7206 -12.958781373847724
16.5764 9.4809 27.7292 -16.825829925378514
15.9312 11.2655 30.2561 -17.56184059684093
15.453 14.2092 34.4639 -17.57072424886701
15.1337 14.4125 35.6578 -17.576406707881198
14.9882 13.1134 34.1973 -17.57983404883717
15.045 12.0526 33.0613 -17.581272992852565
15.3528 11.196 32.2094 -17.575748844404945
15.9927 10.5211 21.6557 -17.216757432761604
17.0553 10.0103 12.7198 -9.77619927515164
17.4935 9.5389 12.1096 -8.132051494382107
17.8658 9.1075 12.0077 -6.967903534378593
18.1933 8.7069 12.0803 -6.672551847347336
18.6244 8.3423 12.109 -6.845425580504958
19.301 8.0207 12.0281 -7.167433926142138
20.3615 7.7479 11.8436 -7.492893988826658
21.9871 7.5289 11.5815 -7.7698511265111065
24.4732 7.3684 11.2663 -8.008308321295573
23.3327 7.272 10.9146 -7.708830154560701
22.1449 7.2316 10.5813 -7.28126475564445
21.0166 7.2444 10.2699 -6.707111691935609
19.9365 7.3051 9.9837 -5.95704343845528
18.8931 7.4039 9.7274 -5.030418724240391
17.8747 7.527 9.5054 -4.014136419601137
16.8707 7.6598 9.3186 -3.1874828308328134
15.8736 7.7979 9.1554 -3.0904739131486565
14.8812 7.9663 8.9805 -4.035722762371606
13.8979 8.2206 8.7468 -4.471269891474876
13.8979 8.2206 8.7468 -4.471269891474876
22.0 8.4853 8.4853 2.6745294515705353
21.0036 8.3563 8.6204 1.804400527969591
20.0085 8.2512 8.7378 1.1370883266853937
19.0124 8.1642 8.8374 0.5766787463315382
18.0145 8.094 8.9172 0.011437370412068049
17.0146 40.8241 8.9707 20.967946882658424
16.267 36.9424 10.4322 20.96794632701596
15.7402 34.0469 12.8779 20.96793651930188
15.4366 5.9021 15.4099 -10.004437645582062
14.1345 32.2712 14.8047 20.9678793634113
13.8795 30.4005 13.1648 20.967826166889445
13.8562 28.992 11.8802 20.9677619991836
14.1167 27.9628 10.8814 20.967696808429572
14.7576 27.2637 10.1251 20.96764193445751
15.9579 16.9427 9.5869 20.709400713393045
29.7178 11.6384 9.2535 16.799176747607767
27.3844 9.9721 9.0428 7.796333640497977
25.8952 9.9409 8.769 9.597608057998592
24.4109 9.6319 8.5945 8.945309448259067
23.0572 9.3705 8.478 8.293374833649011
21.8041 9.1396 8.4153 7.538040946436411
20.6301 8.9368 8.3991 6.6775336415104505
19.5163 8.7617 8.4197 5.700455582300805
18.4464 8.6163 8.4644 4.561093539024206
17.407 8.5068 26.7206 -12.958781373847724
16.5764 9.4809 27.7292 -16.825829925378514
15.9312 11.2655 30.2561 -17.56184059684093
15.453 14.2092 34.4639 -17.57072424886701
15.1337 14.4125 35.6578 -17.576406707881198
14.9882 13.1134 34.1973 -17.57983404883717
15.045 12.0526 33.0613 -17.581272992852565
15.3528 11.196 32.2094 -17.575748844404945
15.9927 10.5211 21.6557 -17.216757432761604
17.0553 10.0103 12.7198 -9.77619927515164
17.4935 9.5389 12.1096 -8.132051494382107
17.8658 9.1075 12.0077 -6.967903534378593
18.1933 8.7069 12.0803 -6.672551847347336
18.6244 8.3423 12.109 -6.845425580504958
19.301 8.0207 12.0281 -7.167433926142138
20.3615 7.7479 11.8436 -7.492893988826658
21.9871 7.5289 11.5815 -7.7698511265111065
24.4732 7.3684 11.2663 -8.008308321295573
23.3327 7.272 10.9146 -7.708830154560701
22.1449 7.2316 10.5813 -7.28126475564445
21.0166 7.2444 10.2699 -6.707111691935609
19.9365 7.3051 9.9837 -5.95704343845528
18.8931 7.4039 9.7274 -5.030418724240391
17.8747 7.527 9.5054 -4.014136419601137
16.8707 7.6598 9.3186 -3.1874828308328134
15.8736 7.7979 9.1554 -3.0904739131486565
14.8812 7.9663 8.9805 -4.035722762371606
13.8979 8.2206 8.7468 -4.471269891474876
13.8979 8.2206 8.7468 -4.471269891474876
22.0 8.4853 8.4853 2.6745294515705353
21.0036 8.3563 8.6204 1.804400527969591
20.0085 8.2512 8.7378 1.1370883266853937
19.0124 8.1642 8.8374 0.5766787463315382
18.0145 8.094 8.9172 0.011437370412068049
17.0146 40.8241 8.9707 20.967946882658424
16.267 36.9424 10.4322 20.96794632701596
15.7402 34.0469 12.8779 20.96793651930188
15.4366 5.9021 15.4099 -10.004437645582062
14.1345 32.2712 14.8047 20.9678793634113
13.8795 30.4005 13.1648 20.967826166889445
13.8562 28.992 11.8802 20.9677619991836
14.1167 27.9628 10.8814 20.967696808429572
14.7576 27.2637 10.1251 20.96764193445751
15.9579 16.9427 9.5869 20.709400713393045
29.7178 11.6384 9.2535 16.799176747607767
27.3844 9.9721 9.0428 7.796333640497977
25.8952 9.9409 8.769 9.597608057998592
24.4109 9.6319 8.5945 8.945309448259067
23.0572 9.3705 8.478 8.293374833649011
21.8041 9.1396 8.4153 7.538040946436411
20.6301 8.9368 8.3991 6.6775336415104505
19.5163 8.7617 8.4197 5.700455582300805
18.4464 8.6163 8.4644 4.561093539024206
17.407 8.5068 26.7206 -12.958781373847724
16.5764 9.4809 27.7292 -16.825829925378514
15.9312 11.2655 30.2561 -17.56184059684093
15.453 14.2092 34.4639 -17.57072424886701
15.1337 14.4125 35.6578 -17.576406707881198
14.9882 13.1134 34.1973 -17.57983404883717
15.045 12.0526 33.0613 -17.581272992852565
15.3528 11.196 32.2094 -17.575748844404945
15.9927 10.5211 21.6557 -17.216757432761604
17.0553 10.0103 12.7198 -9.77619927515164
17.4935 9.5389 12.1096 -8.132051494382107
17.8658 9.1075 12.0077 -6.967903534378593
18.1933 8.7069 12.0803 -6.672551847347336
18.6244 8.3423 12.109 -6.845425580504958
19.301 8.0207 12.0281 -7.167433926142138
20.3615 7.7479 11.8436 -7.492893988826658
21.9871 7.5289 11.5815 -7.7698511265111065
24.4732 7.3684 11.2663 -8.008308321295573
23.3327 7.272 10.9146 -7.708830154560701
22.1449 7.2316 10.5813 -7.28126475564445
21.0166 7.2444 10.2699 -6.707111691935609
19.9365 7.3051 9.9837 -5.95704343845528
18.8931 7.4039 9.7274 -5.030418724240391
17.8747 7.527 9.5054 -4.014136419601137
16.8707 7.6598 9.3186 -3.1874828308328134
15.8736 7.7979 9.1554 -3.0904739131486565
14.8812 7.9663 8.9805 -4.035722762371606
13.8979 8.2206 8.7468 -4.471269891474876
13.8979 8.2206 8.7468 -4.471269891474876
22.0 8.4853 8.4853 2.6745294515705353
21.0036 8.3563 8.6204 1.804400527969591
20.0085 8.2512 8.7378 1.1370883266853937
19.0124 8.1642 8.8374 0.5766787463315382
18.0145 8.094 8.9172 0.011437370412068049
17.0146 40.8241 8.9707 20.967946882658424
16.267 36.9424 10.4322 20.96794632701596
15.7402 34.0469 12.8779 20.96793651930188
15.4366 5.9021 15.4099 -10.004437645582062
14.1345 32.2712 14.8047 20.9678793634113
13.8795 30.4005 13.1648 20.967826166889445
13.8562 28.992 11.8802 20.9677619991836
14.1167 27.9628 10.8814 20.967696808429572
14.7576 27.2637 10.1251 20.96764193445751
15.9579 16.9427 9.5869 20.709400713393045
29.7178 11.6384 9.2535 16.799176747607767
27.3844 9.9721 9.0428 7.796333640497977
25.8952 9.9409 8.769 9.597608057998592
24.4109 9.6319 8.5945 8.945309448259067
23.0572 9.3705 8.478 8.293374833649011
21.8041 9.1396 8.4153 7.538040946436411
20.6301 8.9368 8.3991 6.6775336415104505
19.5163 8.7617 8.4197 5.700455582300805
18.4464 8.6163 8.4644 4.561093539024206
17.407 8.5068 26.7206 -12.958781373847724
16.5764 9.4809 27.7292 -16.825829925378514
15.9312 11.2655 30.2561 -17.56184059684093
15.453 14.2092 34.4639 -17.57072424886701
15.1337 14.4125 35.6578 -17.576406707881198
14.9882 13.1134 34.1973 -17.57983404883717
15.045 12.0526 33.0613 -17.581272992852565
15.3528 11.196 32.2094 -17.575748844404945
15.9927 10.5211 21.6557 -17.216757432761604
17.0553 10.0103 12.7198 -9.77619927515164
17.4935 9.5389 12.1096 -8.132051494382107
17.8658 9.1075 12.0077 -6.967903534378593
18.1933 8.7069 12.0803 -6.672551847347336
18.6244 8.3423 12.109 -6.845425580504958
19.301 8.0207 12.0281 -7.167433926142138
20.3615 7.7479 11.8436 -7.492893988826658
21.9871 7.5289 11.5815 -7.7698511265111065
24.4732 7.3684 11.2663 -8.008308321295573
23.3327 7.272 10.9146 -7.708830154560701
22.1449 7.2316 10.5813 -7.28126475564445
21.0166 7.2444 10.2699 -6.707111691935609
19.9365 7.3051 9.9837 -5.95704343845528
18.8931 7.4039 9.7274 -5.030418724240391
17.8747 7.527 9.5054 -4.014136419601137
16.8707 7.6598 9.3186 -3.1874828308328134
15.8736 7.7979 9.1554 -3.0904739131486565
14.8812 7.9663 8.9805 -4.035722762371606
13.8979 8.2206 8.7468 -4.471269891474876
13.8979 8.2206 8.7468 -4.471269891474876
22.0 8.4853 8.4853 2.6745294515705353
21.0036 8.3563 8.6204 1.804400527969591
20.0085 8.2512 8.7378 1.1370883266853937
19.0124 8.1642 8.8374 0.5766787463315382
18.0145 8.094 8.9172 0.011437370412068049
17.0146 40.8241 8.9707 20.967946882658424
16.267 36.9424 10.4322 20.96794632701596
15.7402 34.0469 12.8779 20.96793651930188
15.4366 5.9021 15.4099 -10.004437645582062
14.1345 32.2712 14.8047 20.9678793634113
13.8795 30.4005 13.1648 20.967826166889445
13.8562 28.992 11.8802 20.9677619991836
14.1167 27.9628 10.8814 20.967696808429572
14.7576 27.2637 10.1251 20.96764193445751
15.9579 16.9427 9.5869 20.709400713393045
29.7178 11.6384 9.2535 16.799176747607767
27.3844 9.9721 9.0428 7.796333640497977
25.8952 9.9409 8.769 9.597608057998592
24.4109 9.6319 8.5945 8.945309448259067
23.0572 9.3705 8.478 8.293374833649011
21.8041 9.1396 8.4153 7.538040946436411
20.6301 8.9368 8.3991 6.6775336415104505
19.5163 8.7617 8.4197 5.700455582300805
18.4464 8.6163 8.4644 4.561093539024206
17.407 8.5068 26.7206 -12.958781373847724
16.5764 9.4809 27.7292 -16.825829925378514
15.9312 11.2655 30.2561 -17.56184059684093
15.453 14.2092 34.4639 -17.57072424886701
15.1337 14.4125 35.6578 -17.576406707881198
14.9882 13.1134 34.1973 -17.57983404883717
15.045 12.0526 33.0613 -17.581272992852565
15.3528 11.196 32.2094 -17.575748844404945
15.9927 10.5211 21.6557 -17.216757432761604
17.0553 10.0103 12.7198 -9.77619927515164
17.4935 9.5389 12.1096 -8.132051494382107
17.8658 9.1075 12.0077 -6.967903534378593
18.1933 8.7069 12.0803 -6.672551847347336
18.6244 8.3423 12.109 -6.845425580504958
19.301 8.0207 12.0281 -7.167433926142138
20.3615 7.7479 11.8436 -7.492893988826658
21.9871 7.5289 11.5815 -7.7698511265111065
24.4732 7.3684 11.2663 -8.008308321295573
23.3327 7.272 10.9146 -7.708830154560701
22.1449 7.2316 10.5813 -7.28126475564445
21.0166 7.2444 10.2699 -6.707111691935609
19.9365 7.3051 9.9837 -5.95704343845528
18.8931 7.4039 9.7274 -5.030418724240391
17.8747 7.527 9.5054 -4.014136419601137
16.8707 7.6598 9.3186 -3.1874828308328134
15.8736 7.7979 9.1554 -3.0904739131486565
14.8812 7.9663 8.9805 -4.035722762371606
13.8979 8.2206 8.7468 -4.471269891474876
13.8979 8.2206 8.7468 -4.471269891474876
22.0 8.4853 8.4853 2.6745294515705353
21.0036 8.3563 8.6204 1.804400527969591
20.0085 8.2512 8.7378 1.1370883266853937
19.0124 8.1642 8.8374 0.5766787463315382
18.0145 8.094 8.9172 0.011437370412068049
17.0146 40.8241 8.9707 20.967946882658424
16.267 36.9424 10.4322 20.96794632701596
15.7402 34.0469 12.8779 20.96793651930188
15.4366 5.9021 15.4099 -10.004437645582062
14.1345 32.2712 14.8047 20.9678793634113
13.8795 30.4005 13.1648 20.967826166889445
13.8562 28.992 11.8802 20.9677619991836
14.1167 27.9628 10.8814 20.967696808429572
14.7576 27.2637 10.1251 20.96764193445751
15.9579 16.9427 9.5869 20.709400713393045
29.7178 11.6384 9.2535 16.799176747607767
27.3844 9.9721 9.0428 7.796333640497977
25.8952 9.9409 8.769 9.597608057998592
24.4109 9.6319 8.5945 8.945309448259067
23.0572 9.3705 8.478 8.293374833649011
21.8041 9.1396 8.4153 7.538040946436411
20.6301 8.9368 8.3991 6.6775336415104505
19.5163 8.7617 8.4197 5.700455582300805
18.4464 8.6163 8.4644 4.561093539024206
17.407 8.5068 26.7206 -12.958781373847724
16.5764 9.4809 27.7292 -16.825829925378514
15.9312 11.2655 30.2561 -17.56184059684093
15.453 14.2092 34.4639 -17.57072424886701
15.1337 14.4125 35.6578 -17.576406707881198
14.9882 13.1134 34.1973 -17.57983404883717
15.045 12.0526 33.0613 -17.581272992852565
15.3528 11.196 32.2094 -17.575748844404945
15.9927 10.5211 21.6557 -17.216757432761604
17.0553 10.0103 12.7198 -9.77619927515164
17.4935 9.5389 12.1096 -8.132051494382107
17.8658 9.1075 12.0077 -6.967903534378593
18.1933 8.7069 12.0803 -6.672551847347336
18.6244 8.3423 12.109 -6.845425580504958
19.301 8.0207 12.0281 -7.167433926142138
20.3615 7.7479 11.8436 -7.492893988826658
21.9871 7.5289 11.5815 -7.7698511265111065
24.4732 7.3684 11.2663 -8.008308321295573
23.3327 7.272 10.9146 -7.708830154560701
22.1449 7.2316 10.5813 -7.28126475564445
21.0166 7.2444 10.2699 -6.707111691935609
19.9365 7.3051 9.9837 -5.95704343845528
18.8931 7.4039 9.7274 -5.030418724240391
17.8747 7.527 9.5054 -4.014136419601137
16.8707 7.6598 9.3186 -3.1874828308328134
15.8736 7.7979 9.1554 -3.0904739131486565
14.8812 7.9663 8.9805 -4.035722762371606
13.8979 8.2206 8.7468 -4.471269891474876
13.8979 8.2206 8.7468 -4.471269891474876
22.0 8.4853 8.4853 2.6745294515705353
21.0036 8.3563 8.6204 1.804400527969591
20.0085 8.2512 8.7378 1.1370883266853937
19.0124 8.1642 8.8374 0.5766787463315382
18.0145 8.094 8.9172 0.011437370412068049
17.0146 40.8241 8.9707 20.967946882658424
16.267 36.9424 10.4322 20.96794632701596
15.7402 34.0469 12.8779 20.96793651930188
15.4366 5.9021 15.4099 -10.004437645582062
14.1345 32.2712 14.8047 20.9678793634113
13.8795 30.4005 13.1648 20.967826166889445
13.8562 28.992 11.8802 20.9677619991836
14.1167 27.9628 10.8814 20.967696808429572
14.7576 27.2637 10.1251 20.96764193445751
15.9579 16.9427 9.5869 20.709400713393045
29.7178 11.6384 9.2535 16.799176747607767
27.3844 9.9721 9.0428 7.796333640497977
25.8952 9.9409 8.769 9.597608057998592
24.4109 9.6319 8.5945 8.945309448259067
23.0572 9.3705 8.478 8.293374833649011
21.8041 9.1396 8.4153 7.538040946436411
20.6301 8.9368 8.3991 6.6775336415104505
19.5163 8.7617 8.4197 5.700455582300805
18.4464 8.6163 8.4644 4.561093539024206
17.407 8.5068 26.7206 -12.958781373847724
16.5764 9.4809 27.7292 -16.825829925378514
15.9312 11.2655 30.2561 -17.56184059684093
15.453 14.2092 34.4639 -17.57072424886701
15.1337 14.4125 35.6578 -17.576406707881198
14.9882 13.1134 34.1973 -17.57983404883717
15.045 12.0526 33.0613 -17.581272992852565
15.3528 11.196 32.2094 -17.575748844404945
15.9927 10.5211 21.6557 -17.216757432761604
17.0553 10.0103 12.7198 -9.77619927515164
17.4935 9.5389 12.1096 -8.132051494382107
17.8658 9.1075 12.0077 -6.967903534378593
18.1933 8.7069 12.0803 -6.672551847347336
18.6244 8.3423 12.109 -6.845425580504958
19.301 8.0207 12.0281 -7.167433926142138
20.3615 7.7479 11.8436 -7.492893988826658
21.9871 7.5289 11.5815 -7.7698511265111065
24.4732 7.3684 11.2663 -8.008308321295573
23.3327 7.272 10.9146 -7.708830154560701
22.1449 7.2316 10.5813 -7.28126475564445
21.0166 7.2444 10.2699 -6.707111691935609
19.9365 7.3051 9.9837 -5.95704343845528
18.8931 7.4039 9.7274 -5.030418724240391
17.8747 7.527 9.5054 -4.014136419601137
16.8707 7.6598 9.3186 -3.1874828308328134
15.8736 7.7979 9.1554 -3.0904739131486565
14.8812 7.9663 8.9805 -4.035722762371606
13.8979 8.2206 8.7468 -4.471269891474876
13.8979 8.2206 8.7468 -4.471269891474876
22.0 8.4853 8.4853 2.6745294515705353
21.0036 8.3563 8.6204 1.804400527969591
20.0085 8.2512 8.7378 1.1370883266853937
19.0124 8.1642 8.8374 0.5766787463315382
18.0145 8.094 8.9172 0.011437370412068049
17.0146 40.8241 8.9707 20.967946882658424
16.267 36.9424 10.4322 20.96794632701596
15.7402 34.0469 12.8779 20.96793651930188
15.4366 5.9021 15.4099 -10.004437645582062
14.1345 32.2712 14.8047 20.9678793634113
13.8795 30.4005 13.1648 20.967826166889445
13.8562 28.992 11.8802 20.9677619991836
14.1167 27.9628 10.8814 20.967696808429572
14.7576 27.2637 10.1251 20.96764193445751
15.9579 16.9427 9.5869 20.709400713393045
29.7178 11.6384 9.2535 16.799176747607767
27.3844 9.9721 9.0428 7.796333640497977
25.8952 9.9409 8.769 9.597608057998592
24.4109 9.6319 8.5945 8.945309448259067
23.0572 9.3705 8.478 8.293374833649011
21.8041 9.1396 8.4153 7.538040946436411
20.6301 8.9368 8.3991 6.6775336415104505
19.5163 8.7617 8.4197 5.700455582300805
18.4464 8.6163 8.4644 4.561093539024206
17.407 8.5068 26.7206 -12.958781373847724
16.5764 9.4809 27.7292 -16.825829925378514
15.9312 11.2655 30.2561 -17.56184059684093
15.453 14.2092 34.4639 -17.57072424886701
15.1337 14.4125 35.6578 -17.576406707881198
14.9882 13.1134 34.1973 -17.57983404883717
15.045 12.0526 33.0613 -17.581272992852565
15.3528 11.196 32.2094 -17.575748844404945
15.9927 10.5211 21.6557 -17.216757432761604
17.0553 10.0103 12.7198 -9.77619927515164
17.4935 9.5389 12.1096 -8.132051494382107
17.8658 9.1075 12.0077 -6.967903534378593
18.1933 8.7069 12.0803 -6.672551847347336
18.6244 8.3423 12.109 -6.845425580504958
19.301 8.0207 12.0281 -7.167433926142138
20.3615 7.7479 11.8436 -7.492893988826658
21.9871 7.5289 11.5815 -7.7698511265111065
24.4732 7.3684 11.2663 -8.008308321295573
23.3327 7.272 10.9146 -7.708830154560701
22.1449 7.2316 10.5813 -7.28126475564445
21.0166 7.2444 10.2699 -6.707111691935609
19.9365 7.3051 9.9837 -5.95704343845528
18.8931 7.4039 9.7274 -5.030418724240391
17.8747 7.527 9.5054 -4.014136419601137
16.8707 7.6598 9.3186 -3.1874828308328134
15.8736 7.7979 9.1554 -3.0904739131486565
14.8812 7.9663 8.9805 -4.035722762371606
13.8979 8.2206 8.7468 -4.471269891474876
13.8979 8.2206 8.7468 -4.471269891474876
22.0 8.4853 8.4853 -2.1551493011074356
21.0024 8.5937 8.3809 -2.1715982675011176
20.0078 8.7253 8.2623 -2.1773269537129423
19.0161 8.8808 8.1303 -2.155378260084454
18.0268 24.2703 7.9866 23.304798355017347
17.1442 39.4998 9.0869 23.667378373839583
16.559 7.1791 11.0441 -3.4069305324071024
15.4965 35.8809 11.0998 23.662631214428984
15.1187 33.0115 14.4425 23.03103824992627
14.9974 30.9681 14.1678 22.29192740123036
15.1455 29.5166 12.8509 22.84599605371654
15.7118 28.4975 11.8618 22.996267950031672
16.851 13.6339 11.1635 -2.0929613059262735
15.6368 27.1123 10.4942 23.339227261858525
17.418 11.7124 10.0333 -2.1406946635487287
16.1278 15.8859 9.4366 2.9958829230016804
29.9369 17.5076 8.8803 -1.9981845224372279
14.2721 21.8442 8.2905 23.367535100760122
26.0777 14.3378 8.0168 -1.9527636748392325
25.2277 16.4282 7.5091 -1.3718445590253765
24.3317 18.5055 7.0023 2.8219935003550844
23.1308 19.1176 6.5396 11.48900528308225
21.4582 17.0699 6.2099 11.870466647116103
19.9283 15.4711 5.9624 12.885362636579202
18.5117 14.0665 5.8193 13.454825334652575
17.2219 12.87 5.7937 13.498799470886247
16.0553 11.8686 5.8973 12.88775425644458
14.9943 11.044 22.0818 -10.472365052730595
14.0706 11.9042 22.1257 -10.574000690608038
13.1935 13.0621 22.2903 -10.322838961842674
12.352 14.2603 22.5388 -10.083241790433178
11.5386 12.6771 22.8929 -14.569563798135292
10.8708 11.1359 24.8181 -20.742709722126925
10.4797 9.7305 31.077 -25.343057690122546
10.464 8.5953 31.3784 -25.590777568300197
10.7964 7.7548 30.4523 -25.537866232627103
11.6349 7.1648 30.0681 -25.44081545814732
13.3474 6.8047 20.2629 -17.380381959923284
15.1432 6.5321 16.2783 -8.840028548484735
16.0494 6.2386 15.3723 -7.085669469217265
16.9051 5.9684 14.8825 -6.074115250541624
17.8099 5.722 14.5666 -5.3094012245002205
18.7953 5.4972 14.3486 -4.6711582116153565
19.8752 5.2919 14.1939 -4.1224358391187295
21.0596 5.1041 14.0826 -3.6506816999020018
21.9954 4.9321 14.0016 -3.3608936114729957
20.9256 4.7771 13.9287 -3.778088613672594
19.8607 4.652 13.7879 -4.262684940552063
18.803 4.5628 13.5779 -4.7975440599409325
17.7555 4.5165 13.3007 -5.355179622070359
16.7218 4.5216 12.9623 -5.900676818511663
15.7054 4.5879 12.5721 -6.3961803320915465
14.7091 4.727 12.1416 -6.805167681713307
13.7345 4.9519 11.6826 -7.094981077328498
13.7345 4.9519 11.6826 -7.094981077328498
22.0 8.4853 8.4853 4.496633075551479
21.0103 8.2719 8.716 3.6322211091846484
20.0278 8.0759 8.9552 1.6544100148403658
19.0377 7.9429 9.1223 -0.9520076639951469
18.0325 7.9059 9.151 -2.222560875695301
17.0233 40.6391 9.098 39.08106965319061
16.7566 6.7301 12.1772 -10.255836403389786
15.564 35.6677 11.5219 39.081069653200615
15.7804 5.8195 15.6532 -10.25501973161905
14.4567 32.1019 15.0638 39.08106965320323
15.1566 29.5332 13.2334 39.081069653239794
16.9691 4.3433 12.2255 -10.255033714578868
15.1463 27.7449 11.5498 39.08106965337274
18.0055 8.0833 11.0224 -10.255696841417436
14.7872 20.9123 10.3864 39.08106965011933
14.331 34.1176 13.5323 39.08106965320519
14.5358 30.4667 14.1702 39.08106965322449
15.5834 28.4946 12.6873 39.081069653259135
17.9963 3.7201 11.942 -10.25503294335089
15.9685 26.9759 11.2678 39.08106965335544
8.754 12.38 5.0481 39.08079782492945
8.1599 14.6993 6.5771 39.081072778287606
7.9181 20.3857 7.719 39.081070081520096
8.0885 32.3124 6.5853 39.08106967085341
8.8871 31.5474 5.8974 39.081069672470136
10.9611 24.5656 5.579 39.08106971116571
16.8643 15.0353 5.6421 5.046370203924305
17.5349 14.8479 5.3945 5.046014350386955
29.1672 14.637 5.176 5.046001804675477
27.9807 14.4056 4.9877 5.04600162751273
26.8264 14.1558 4.8312 5.046001366377418
25.7018 13.8897 4.7079 5.046000989007297
24.6043 13.6087 4.6198 5.046000455433941
23.5319 13.314 4.5691 5.045999718571046
22.4825 13.0065 4.5586 5.04599872490563
21.4541 12.6869 4.5913 5.045997409991074
20.4448 12.356 4.6708 5.045995665896186
19.4529 12.0141 4.8015 5.045993186529827
18.4767 11.6615 4.9883 5.0459887792456755
17.5145 11.2986 5.2371 5.045977141655307
16.5648 10.9255 5.555 5.0459320413162345
15.626 10.5423 19.3802 -14.374583277601097
14.5384 11.1048 19.4597 -18.269767598685114
13.5829 12.2422 20.1823 -18.282862388071777
12.7678 13.9992 21.347 -18.282805001045705
12.0792 13.5193 23.1963 -18.28291604481707
11.51 11.802 26.2213 -18.28291727344737
11.0597 10.3961 31.5646 -18.282917284750383
10.7353 9.2361 31.2834 -18.28291730695725
10.5542 8.277 30.238 -18.28291735619036
10.5486 7.488 29.4653 -18.28291742986211
10.7763 6.8487 28.9434 -18.28291748210122
11.3422 6.3472 28.3386 -18.282917134800464
12.4489 5.9791 20.6479 -14.331925345195774
13.7297 5.6835 17.625 -10.25534289745044
14.91 5.4191 16.3026 -10.255019772939029
16.8457 5.2212 15.2083 -10.255019900480555
20.1596 5.095 14.2689 -10.25502130354894
22.931 5.0477 13.4385 -10.25502928653129
21.7836 5.0892 12.6869 -10.255055534386276
20.7183 5.233 11.9929 -10.255166435015994
19.7267 5.4976 11.3416 -10.255718119585392
18.8018 5.9086 10.7215 -10.259029141143774
17.9376 6.5014 10.1238 -10.27720117000301
17.1296 7.3278 9.5412 -9.492510634625859
16.3517 8.3973 8.9916 1.4832568989186257
15.318 8.7709 8.7422 3.592996474213365
14.2477 8.9379 8.5656 4.122419375632887
14.2477 8.9379 8.5656 4.122419375632887
22.0 8.4853 8.4853 4.496633075551479
21.0103 8.2719 8.716 3.6322211091846484
20.0278 8.0759 8.9552 1.6544100148403658
19.0377 7.9429 9.1223 -0.9520076639951469
18.0325 7.9059 9.151 -2.222560875695301
17.0233 40.6391 9.098 39.08106965319061
16.7566 6.7301 12.1772 -10.255836403389786
15.564 35.6677 11.5219 39.081069653200615
15.7804 5.8195 15.6532 -10.25501973161905
14.4567 32.1019 15.0638 39.08106965320323
15.1566 29.5332 13.2334 39.081069653239794
16.9691 4.3433 12.2255 -10.255033714578868
15.1463 27.7449 11.5498 39.08106965337274
18.0055 8.0833 11.0224 -10.255696841417436
18.7166 8.2779 8.6927 3.1768032190166764
17.7211 8.1291 8.8578 1.4353244514310575
16.7246 24.3042 8.9624 39.081069651775266
16.4072 6.8067 11.8959 -10.256531829801961
15.2302 35.9963 11.2647 39.08106965320357
15.3828 31.8933 15.4061 39.081069653195854
16.392 5.2347 13.7337 -10.255022770212019
14.8288 29.4492 13.0758 39.081069653256264
16.517 28.2016 12.0353 39.081069653249486
33.6052 3.7175 11.6552 -10.255152737098648
17.7063 9.0045 10.9868 -8.848704669873584
15.858 22.4266 6.7207 39.081069069683195
15.4262 37.2037 8.7563 39.08106965321727
15.7103 33.2383 13.8809 39.08106965319651
16.9136 6.8428 13.7702 -10.255068321024371
15.2878 30.8573 13.11 39.081069653221746
17.2498 5.7592 12.1719 -10.255176534602736
15.3766 29.1097 11.4964 39.08106965329833
18.4738 7.1634 11.0294 -10.27161209986593
16.2004 17.7429 10.3643 39.070858133838556
30.5919 7.2115 10.3038 -8.686449221658513
30.4373 10.3846 9.6841 4.9965113682418405
28.9616 11.139 9.2384 5.039205439943466
27.5368 11.6756 8.8201 5.0445584484116495
26.1616 12.0552 8.429 5.045576619874801
24.8321 12.3149 8.065 5.045839077424212
23.5443 12.4802 7.7285 5.045924380810085
22.2945 12.57 7.4199 5.045957367720888
21.0794 12.598 7.1397 5.045971676054478
19.8958 12.5746 6.8886 5.045978060097987
18.7408 12.5078 6.6677 5.045980383447116
17.6118 12.4041 6.478 5.045980071772377
16.5063 12.2682 6.3207 5.045978327358426
15.4219 12.1043 26.5808 -18.282916755852867
14.8321 14.6862 29.5478 -18.28291727634939
14.3983 14.465 34.3778 -18.282917276500704
14.1285 13.01 33.7399 -18.282917276528302
14.0428 11.8267 32.4244 -18.282917276586463
14.178 10.8694 31.4258 -18.282917276493333
14.598 10.1079 30.7089 -18.28291725430402
15.4131 9.5234 20.3802 -12.740144162786358
15.9965 9.0289 15.9233 -10.255187759776199
16.5174 8.5915 14.4512 -10.255309380953072
17.3318 8.2232 13.4024 -10.256268702146748
18.5627 7.925 12.5752 -10.259191497644707
20.4178 7.6996 11.8769 -10.267560099899796
23.2787 7.5513 11.2585 -10.279803486712673
24.5726 7.4864 10.6921 -10.137274915561044
23.3085 7.5089 10.1733 -9.386980703008085
22.1466 7.6063 9.7292 -7.009704620388888
21.0711 7.7134 9.4376 -4.326081519887076
20.0419 7.7841 9.2848 -3.0294689318025476
19.0292 7.8417 9.1828 -2.3325215415177496
18.0235 7.8972 9.1003 -1.8429718716853358
17.0215 7.9524 9.0285 -1.4615949922668463
16.0211 8.007 8.9639 -1.1557803043713335
15.0216 8.0607 8.9048 -0.9094199115663955
14.0224 8.1133 8.8499 -0.7115647623418582
13.0232 8.1645 8.7982 -0.5535201058797767
13.0232 8.1645 8.7982 -0.5535201058797767
22.0 8.4853 8.4853 -1.7734435549288818
21.0016 8.5742 8.3991 -1.375143459175007
20.0042 8.6599 8.3197 -1.5982156335735667
19.0086 8.7713 8.221 -2.3546546547947926
18.018 24.4699 8.0791 15.015565270772214
17.055 40.7636 8.7535 15.018643921318102
16.213 37.8587 9.7794 15.018643079406786
15.4821 35.4834 11.3046 15.018638215665575
14.8562 33.5163 13.5863 15.018609558846734
14.3332 31.8727 14.3522 15.0185356616376
13.915 30.492 12.9675 15.018488127046894
13.6084 29.3303 11.7878 15.018431540418263
13.4264 28.3559 10.7819 15.01836614728606
13.3909 27.5458 9.927 15.018291410802973
13.537 26.884 9.207 15.018204952559877
13.9209 26.3603 8.6106 15.018100506353846
14.636 19.3242 8.1316 14.978127803150983
27.8317 15.6108 7.7671 15.42402106721579
25.7569 13.3452 7.5285 13.650467956220368
24.0611 12.0533 7.3796 11.302019487040909
22.6379 11.2953 7.2883 9.561312424426298
21.3758 10.7854 7.2461 7.992085938542573
20.2176 10.4237 7.2406 6.360249388091432
19.1276 10.1746 7.2535 4.847344416917579
18.0787 10.0086 7.2707 3.8836875925245806
17.0513 9.8818 7.2957 3.612726810317497
16.0347 9.7497 23.7385 -16.138865993196667
15.2025 10.9724 24.9523 -15.943465489901655
14.4853 12.792 26.7185 -15.45061611141837
13.8635 14.7491 29.2317 -14.727369130571258
13.3158 13.2031 32.8231 -16.16196795330996
12.9221 11.8593 33.7529 -16.32347318986465
12.6597 10.7264 32.5121 -16.345448864329796
12.5427 9.7747 31.5209 -16.361447375693352
12.603 8.9805 30.7527 -16.373695185266538
12.8937 8.3276 30.1912 -16.383496014630637
13.5046 7.8061 24.0619 -16.29458061480383
14.5814 7.4103 17.9719 -15.947125930831824
16.3598 7.1355 14.9156 -15.684775383168954
19.3953 6.9852 13.0057 -14.142033492640586
24.298 6.9362 11.7984 -5.907753525580674
25.534 6.7952 11.6132 -5.859580091693822
24.3736 6.6952 11.4061 -5.820363509280661
23.2496 6.6386 11.1788 -5.804150635453695
22.1578 6.6288 10.9316 -5.8569102588967255
21.0947 6.6718 10.6613 -6.074273037100291
20.0576 6.7788 10.3595 -6.616424401644842
19.0472 6.9726 10.0106 -7.6182008481097725
18.0704 7.2936 9.5981 -8.80405077456722
17.1396 7.793 9.1264 -8.95856344142301
16.2508 8.4732 8.6474 -6.303191125610432
15.348 9.1642 8.2501 -1.0712855801966796
14.3647 9.5642 7.9984 3.172266669022491
13.3223 9.6329 7.8754 5.273575274046813
13.3223 9.6329 7.8754 5.273575274046813
22.0 8.4853 8.4853 -1.7734435549288818
21.0016 8.5742 8.3991 -1.375143459175007
20.0042 8.6599 8.3197 -1.5982156335735667
19.0086 8.7713 8.221 -2.3546546547947926
18.018 24.4699 8.0791 15.015565270772214
17.055 40.7636 8.7535 15.018643921318102
16.213 37.8587 9.7794 15.018643079406786
15.4821 35.4834 11.3046 15.018638215665575
14.8562 33.5163 13.5863 15.018609558846734
14.3332 31.8727 14.3522 15.0185356616376
13.915 30.492 12.9675 15.018488127046894
13.6084 29.3303 11.7878 15.018431540418263
13.4264 28.3559 10.7819 15.01836614728606
13.3909 27.5458 9.927 15.018291410802973
13.537 26.884 9.207 15.018204952559877
13.9209 26.3603 8.6106 15.018100506353846
14.636 19.3242 8.1316 14.978127803150983
27.8317 15.6108 7.7671 15.42402106721579
25.7569 13.3452 7.5285 13.650467956220368
24.0611 12.0533 7.3796 11.302019487040909
22.6379 11.2953 7.2883 9.561312424426298
21.3758 10.7854 7.2461 7.992085938542573
20.2176 10.4237 7.2406 6.360249388091432
19.1276 10.1746 7.2535 4.847344416917579
18.0787 10.0086 7.2707 3.8836875925245806
17.0513 9.8818 7.2957 3.612726810317497
16.0347 9.7497 23.7385 -16.138865993196667
15.2025 10.9724 24.9523 -15.943465489901655
14.4853 12.792 26.7185 -15.45061611141837
13.8635 14.7491 29.2317 -14.727369130571258
13.3158 13.2031 32.8231 -16.16196795330996
12.9221 11.8593 33.7529 -16.32347318986465
12.6597 10.7264 32.5121 -16.345448864329796
12.5427 9.7747 31.5209 -16.361447375693352
12.603 8.9805 30.7527 -16.373695185266538
12.8937 8.3276 30.1912 -16.383496014630637
13.5046 7.8061 24.0619 -16.29458061480383
14.5814 7.4103 17.9719 -15.947125930831824
16.3598 7.1355 14.9156 -15.684775383168954
19.3953 6.9852 13.0057 -14.142033492640586
24.298 6.9362 11.7984 -5.907753525580674
25.534 6.7952 11.6132 -5.859580091693822
24.3736 6.6952 11.4061 -5.820363509280661
23.2496 6.6386 11.1788 -5.804150635453695
22.1578 6.6288 10.9316 -5.8569102588967255
21.0947 6.6718 10.6613 -6.074273037100291
20.0576 6.7788 10.3595 -6.616424401644842
19.0472 6.9726 10.0106 -7.6182008481097725
18.0704 7.2936 9.5981 -8.80405077456722
17.1396 7.793 9.1264 -8.95856344142301
16.2508 8.4732 8.6474 -6.303191125610432
15.348 9.1642 8.2501 -1.0712855801966796
14.3647 9.5642 7.9984 3.172266669022491
13.3223 9.6329 7.8754 5.273575274046813
13.3223 9.6329 7.8754 5.273575274046813
22.0 8.4853 8.4853 -2.1551493011074356
21.0024 8.5937 8.3809 -2.1715982675011176
20.0078 8.7253 8.2623 -2.1773269537129423
19.0161 8.8808 8.1303 -2.155378260084454
18.0268 24.2703 7.9866 23.304798355017347
17.1442 39.4998 9.0869 23.667378373839583
16.559 7.1791 11.0441 -3.4069305324071024
15.4965 35.8809 11.0998 23.662631214428984
15.1187 33.0115 14.4425 23.03103824992627
14.9974 30.9681 14.1678 22.29192740123036
15.1455 29.5166 12.8509 22.84599605371654
15.7118 28.4975 11.8618 22.996267950031672
16.851 13.6339 11.1635 -2.0929613059262735
15.6368 27.1123 10.4942 23.339227261858525
17.418 11.7124 10.0333 -2.1406946635487287
16.1278 15.8859 9.4366 2.9958829230016804
29.9369 17.5076 8.8803 -1.9981845224372279
14.2721 21.8442 8.2905 23.367535100760122
26.0777 14.3378 8.0168 -1.9527636748392325
25.2277 16.4282 7.5091 -1.3718445590253765
24.3317 18.5055 7.0023 2.8219935003550844
23.1308 19.1176 6.5396 11.48900528308225
21.4582 17.0699 6.2099 11.870466647116103
19.9283 15.4711 5.9624 12.885362636579202
18.5117 14.0665 5.8193 13.454825334652575
17.2219 12.87 5.7937 13.498799470886247
16.0553 11.8686 5.8973 12.88775425644458
14.9943 11.044 22.0818 -10.472365052730595
14.0706 11.9042 22.1257 -10.574000690608038
13.1935 13.0621 22.2903 -10.322838961842674
12.352 14.2603 22.5388 -10.083241790433178
11.5386 12.6771 22.8929 -14.569563798135292
10.8708 11.1359 24.8181 -20.742709722126925
10.4797 9.7305 31.077 -25.343057690122546
10.464 8.5953 31.3784 -25.590777568300197
10.7964 7.7548 30.4523 -25.537866232627103
11.6349 7.1648 30.0681 -25.44081545814732
13.3474 6.8047 20.2629 -17.380381959923284
15.1432 6.5321 16.2783 -8.840028548484735
16.0494 6.2386 15.3723 -7.085669469217265
16.9051 5.9684 14.8825 -6.074115250541624
17.8099 5.722 14.5666 -5.3094012245002205
18.7953 5.4972 14.3486 -4.6711582116153565
19.8752 5.2919 14.1939 -4.1224358391187295
21.0596 5.1041 14.0826 -3.6506816999020018
21.9954 4.9321 14.0016 -3.3608936114729957
20.9256 4.7771 13.9287 -3.778088613672594
19.8607 4.652 13.7879 -4.262684940552063
18.803 4.5628 13.5779 -4.7975440599409325
17.7555 4.5165 13.3007 -5.355179622070359
16.7218 4.5216 12.9623 -5.900676818511663
15.7054 4.5879 12.5721 -6.3961803320915465
14.7091 4.727 12.1416 -6.805167681713307
13.7345 4.9519 11.6826 -7.094981077328498
13.7345 4.9519 11.6826 -7.094981077328498
22.0 8.4853 8.4853 -2.1551493011074356
21.0024 8.5937 8.3809 -2.1715982675011176
20.0078 8.7253 8.2623 -2.1773269537129423
19.0161 8.8808 8.1303 -2.155378260084454
18.0268 24.2703 7.9866 23.304798355017347
17.1442 39.4998 9.0869 23.667378373839583
16.559 7.1791 11.0441 -3.4069305324071024
15.4965 35.8809 11.0998 23.662631214428984
15.1187 33.0115 14.4425 23.03103824992627
14.9974 30.9681 14.1678 22.29192740123036
15.1455 29.5166 12.8509 22.84599605371654
15.7118 28.4975 11.8618 22.996267950031672
16.851 13.6339 11.1635 -2.0929613059262735
15.6368 27.1123 10.4942 23.339227261858525
17.418 11.7124 10.0333 -2.1406946635487287
16.1278 15.8859 9.4366 2.9958829230016804
29.9369 17.5076 8.8803 -1.9981845224372279
14.2721 21.8442 8.2905 23.367535100760122
26.0777 14.3378 8.0168 -1.9527636748392325
25.2277 16.4282 7.5091 -1.3718445590253765
24.3317 18.5055 7.0023 2.8219935003550844
23.1308 19.1176 6.5396 11.48900528308225
21.4582 17.0699 6.2099 11.870466647116103
19.9283 15.4711 5.9624 12.885362636579202
18.5117 14.0665 5.8193 13.454825334652575
17.2219 12.87 5.7937 13.498799470886247
16.0553 11.8686 5.8973 12.88775425644458
14.9943 11.044 22.0818 -10.472365052730595
14.0706 11.9042 22.1257 -10.574000690608038
13.1935 13.0621 22.2903 -10.322838961842674
12.352 14.2603 22.5388 -10.083241790433178
11.5386 12.6771 22.8929 -14.569563798135292
10.8708 11.1359 24.8181 -20.742709722126925
10.4797 9.7305 31.077 -25.343057690122546
10.464 8.5953 31.3784 -25.590777568300197
10.7964 7.7548 30.4523 -25.537866232627103
11.6349 7.1648 30.0681 -25.44081545814732
13.3474 6.8047 20.2629 -17.380381959923284
15.1432 6.5321 16.2783 -8.840028548484735
16.0494 6.2386 15.3723 -7.085669469217265
16.9051 5.9684 14.8825 -6.074115250541624
17.8099 5.722 14.5666 -5.3094012245002205
18.7953 5.4972 14.3486 -4.6711582116153565
19.8752 5.2919 14.1939 -4.1224358391187295
21.0596 5.1041 14.0826 -3.6506816999020018
21.9954 4.9321 14.0016 -3.3608936114729957
20.9256 4.7771 13.9287 -3.778088613672594
19.8607 4.652 13.7879 -4.262684940552063
18.803 4.5628 13.5779 -4.7975440599409325
17.7555 4.5165 13.3007 -5.355179622070359
16.7218 4.5216 12.9623 -5.900676818511663
15.7054 4.5879 12.5721 -6.3961803320915465
14.7091 4.727 12.1416 -6.805167681713307
13.7345 4.9519 11.6826 -7.094981077328498
13.7345 4.9519 11.6826 -7.094981077328498
22.0 8.4853 8.4853 2.6745294515705353
21.0036 8.3563 8.6204 1.804400527969591
20.0085 8.2512 8.7378 1.1370883266853937
19.0124 8.1642 8.8374 0.5766787463315382
18.0145 8.094 8.9172 0.011437370412068049
17.0146 40.8241 8.9707 20.967946882658424
16.267 36.9424 10.4322 20.96794632701596
15.7402 34.0469 12.8779 20.96793651930188
15.4366 5.9021 15.4099 -10.004437645582062
14.1345 32.2712 14.8047 20.9678793634113
13.8795 30.4005 13.1648 20.967826166889445
13.8562 28.992 11.8802 20.9677619991836
14.1167 27.9628 10.8814 20.967696808429572
14.7576 27.2637 10.1251 20.96764193445751
15.9579 16.9427 9.5869 20.709400713393045
29.7178 11.6384 9.2535 16.799176747607767
27.3844 9.9721 9.0428 7.796333640497977
25.8952 9.9409 8.769 9.597608057998592
24.4109 9.6319 8.5945 8.945309448259067
23.0572 9.3705 8.478 8.293374833649011
21.8041 9.1396 8.4153 7.538040946436411
20.6301 8.9368 8.3991 6.6775336415104505
19.5163 8.7617 8.4197 5.700455582300805
18.4464 8.6163 8.4644 4.561093539024206
17.407 8.5068 26.7206 -12.958781373847724
16.5764 9.4809 27.7292 -16.825829925378514
15.9312 11.2655 30.2561 -17.56184059684093
15.453 14.2092 34.4639 -17.57072424886701
15.1337 14.4125 35.6578 -17.576406707881198
14.9882 13.1134 34.1973 -17.57983404883717
15.045 12.0526 33.0613 -17.581272992852565
15.3528 11.196 32.2094 -17.575748844404945
15.9927 10.5211 21.6557 -17.216757432761604
17.0553 10.0103 12.7198 -9.77619927515164
17.4935 9.5389 12.1096 -8.132051494382107
17.8658 9.1075 12.0077 -6.967903534378593
18.1933 8.7069 12.0803 -6.672551847347336
18.6244 8.3423 12.109 -6.845425580504958
19.301 8.0207 12.0281 -7.167433926142138
20.3615 7.7479 11.8436 -7.492893988826658
21.9871 7.5289 11.5815 -7.7698511265111065
24.4732 7.3684 11.2663 -8.008308321295573
23.3327 7.272 10.9146 -7.708830154560701
22.1449 7.2316 10.5813 -7.28126475564445
21.0166 7.2444 10.2699 -6.707111691935609
19.9365 7.3051 9.9837 -5.95704343845528
18.8931 7.4039 9.7274 -5.030418724240391
17.8747 7.527 9.5054 -4.014136419601137
16.8707 7.6598 9.3186 -3.1874828308328134
15.8736 7.7979 9.1554 -3.0904739131486565
14.8812 7.9663 8.9805 -4.035722762371606
13.8979 8.2206 8.7468 -4.471269891474876
13.8979 8.2206 8.7468 -4.471269891474876
22.0 8.4853 8.4853 2.6745294515705353
21.0036 8.3563 8.6204 1.804400527969591
20.0085 8.2512 8.7378 1.1370883266853937
19.0124 8.1642 8.8374 0.5766787463315382
18.0145 8.094 8.9172 0.011437370412068049
17.0146 40.8241 8.9707 20.967946882658424
16.267 36.9424 10.4322 20.96794632701596
15.7402 34.0469 12.8779 20.96793651930188
15.4366 5.9021 15.4099 -10.004437645582062
14.1345 32.2712 14.8047 20.9678793634113
13.8795 30.4005 13.1648 20.967826166889445
13.8562 28.992 11.8802 20.9677619991836
14.1167 27.9628 10.8814 20.967696808429572
14.7576 27.2637 10.1251 20.96764193445751
15.9579 16.9427 9.5869 20.709400713393045
29.7178 11.6384 9.2535 16.799176747607767
27.3844 9.9721 9.0428 7.796333640497977
25.8952 9.9409 8.769 9.597608057998592
24.4109 9.6319 8.5945 8.945309448259067
23.0572 9.3705 8.478 8.293374833649011
21.8041 9.1396 8.4153 7.538040946436411
20.6301 8.9368 8.3991 6.6775336415104505
19.5163 8.7617 8.4197 5.700455582300805
18.4464 8.6163 8.4644 4.561093539024206
17.407 8.5068 26.7206 -12.958781373847724
16.5764 9.4809 27.7292 -16.825829925378514
15.9312 11.2655 30.2561 -17.56184059684093
15.453 14.2092 34.4639 -17.57072424886701
15.1337 14.4125 35.6578 -17.576406707881198
14.9882 13.1134 34.1973 -17.57983404883717
15.045 12.0526 33.0613 -17.581272992852565
15.3528 11.196 32.2094 -17.575748844404945
15.9927 10.5211 21.6557 -17.216757432761604
17.0553 10.0103 12.7198 -9.77619927515164
17.4935 9.5389 12.1096 -8.132051494382107
17.8658 9.1075 12.0077 -6.967903534378593
18.1933 8.7069 12.0803 -6.672551847347336
18.6244 8.3423 12.109 -6.845425580504958
19.301 8.0207 12.0281 -7.167433926142138
20.3615 7.7479 11.8436 -7.492893988826658
21.9871 7.5289 11.5815 -7.7698511265111065
24.4732 7.3684 11.2663 -8.008308321295573
23.3327 7.272 10.9146 -7.708830154560701
22.1449 7.2316 10.5813 -7.28126475564445
21.0166 7.2444 10.2699 -6.707111691935609
19.9365 7.3051 9.9837 -5.95704343845528
18.8931 7.4039 9.7274 -5.030418724240391
17.8747 7.527 9.5054 -4.014136419601137
16.8707 7.6598 9.3186 -3.1874828308328134
15.8736 7.7979 9.1554 -3.0904739131486565
14.8812 7.9663 8.9805 -4.035722762371606
13.8979 8.2206 8.7468 -4.471269891474876
13.8979 8.2206 8.7468 -4.471269891474876
22.0 8.4853 8.4853 2.6745294515705353
21.0036 8.3563 8.6204 1.8044005279696123
20.0085 8.2512 8.7378 1.1370883266853653
19.0124 8.1642 8.8374 0.5766787463315737
18.0145 8.094 8.9172 0.011437370412075154
17.0146 40.8241 8.9707 20.967946882658424
16.267 36.9424 10.4322 20.967946327015966
15.7402 34.0469 12.8779 20.96793651930188
15.4366 5.9021 15.4099 -10.004437645582058
14.1345 32.2712 14.8047 20.967879363411285
13.8795 30.4005 13.1648 20.967826166889445
13.8562 28.992 11.8802 20.9677619991836
14.1167 27.9628 10.8814 20.967696808429572
14.7576 27.2637 10.1251 20.96764193445751
15.9579 16.9427 9.5869 20.709400713393045
29.7178 11.6384 9.2535 16.79917674760779
27.3844 9.9721 9.0428 7.796333640497963
25.8952 9.9409 8.769 9.597608057998563
24.4109 9.6319 8.5945 8.94530944825906
23.0572 9.3705 8.478 8.293374833649025
21.8041 9.1396 8.4153 7.538040946436382
20.6301 8.9368 8.3991 6.677533641510493
19.5163 8.7617 8.4197 5.700455582300769
18.4464 8.6163 8.4644 4.561093539024199
17.407 8.5068 26.7206 -12.958781373847707
16.5764 9.4809 27.7292 -16.82582992537851
15.9312 11.2655 30.2561 -17.561840596840934
15.453 14.2092 34.4639 -17.57072424886701
15.1337 14.4125 35.6578 -17.57640670788119
14.9882 13.1134 34.1973 -17.57983404883717
15.045 12.0526 33.0613 -17.58127299285256
15.3528 11.196 32.2094 -17.57574884440494
15.9927 10.5211 21.6557 -17.216757432761604
17.0553 10.0103 12.7198 -9.776199275151672
17.4935 9.5389 12.1096 -8.13205149438215
17.8658 9.1075 12.0077 -6.967903534378628
18.1933 8.7069 12.0803 -6.672551847347336
18.6244 8.3423 12.109 -6.845425580504937
19.301 8.0207 12.0281 -7.167433926142138
20.3615 7.7479 11.8436 -7.4928939888266655
21.9871 7.5289 11.5815 -7.7698511265111065
24.4732 7.3684 11.2663 -8.008308321295594
23.3327 7.272 10.9146 -7.708830154560715
22.1449 7.2316 10.5813 -7.281264755644457
21.0166 7.2444 10.2699 -6.70711169193563
19.9365 7.3051 9.9837 -5.95704343845528
18.8931 7.4039 9.7274 -5.0304187242404055
17.8747 7.527 9.5054 -4.014136419601151
16.8707 7.6598 9.3186 -3.187482830832849
15.8736 7.7979 9.1554 -3.090473913148635
14.8812 7.9663 8.9805 -4.035722762371591
13.8979 8.2206 8.7468 -4.471269891474854
13.8979 8.2206 8.7468 -4.471269891474854
22.0 8.4853 8.4853 2.6745294515705353
21.0036 8.3563 8.6204 1.8044005279696123
20.0085 8.2512 8.7378 1.1370883266853653
19.0124 8.1642 8.8374 0.5766787463315737
18.0145 8.094 8.9172 0.011437370412075154
17.0146 40.8241 8.9707 20.967946882658424
16.267 36.9424 10.4322 20.967946327015966
15.7402 34.0469 12.8779 20.96793651930188
15.4366 5.9021 15.4099 -10.004437645582058
14.1345 32.2712 14.8047 20.967879363411285
13.8795 30.4005 13.1648 20.967826166889445
13.8562 28.992 11.8802 20.9677619991836
14.1167 27.9628 10.8814 20.967696808429572
14.7576 27.2637 10.1251 20.96764193445751
15.9579 16.9427 9.5869 20.709400713393045
29.7178 11.6384 9.2535 16.79917674760779
27.3844 9.9721 9.0428 7.796333640497963
25.8952 9.9409 8.769 9.597608057998563
24.4109 9.6319 8.5945 8.94530944825906
23.0572 9.3705 8.478 8.293374833649025
21.8041 9.1396 8.4153 7.538040946436382
20.6301 8.9368 8.3991 6.677533641510493
19.5163 8.7617 8.4197 5.700455582300769
18.4464 8.6163 8.4644 4.561093539024199
17.407 8.5068 26.7206 -12.958781373847707
16.5764 9.4809 27.7292 -16.82582992537851
15.9312 11.2655 30.2561 -17.561840596840934
15.453 14.2092 34.4639 -17.57072424886701
15.1337 14.4125 35.6578 -17.57640670788119
14.9882 13.1134 34.1973 -17.57983404883717
15.045 12.0526 33.0613 -17.58127299285256
15.3528 11.196 32.2094 -17.57574884440494
15.9927 10.5211 21.6557 -17.216757432761604
17.0553 10.0103 12.7198 -9.776199275151672
17.4935 9.5389 12.1096 -8.13205149438215
17.8658 9.1075 12.0077 -6.967903534378628
18.1933 8.7069 12.0803 -6.672551847347336
18.6244 8.3423 12.109 -6.845425580504937
19.301 8.0207 12.0281 -7.167433926142138
20.3615 7.7479 11.8436 -7.4928939888266655
21.9871 7.5289 11.5815 -7.7698511265111065
24.4732 7.3684 11.2663 -8.008308321295594
23.3327 7.272 10.9146 -7.708830154560715
22.1449 7.2316 10.5813 -7.281264755644457
21.0166 7.2444 10.2699 -6.70711169193563
19.9365 7.3051 9.9837 -5.95704343845528
18.8931 7.4039 9.7274 -5.0304187242404055
17.8747 7.527 9.5054 -4.014136419601151
16.8707 7.6598 9.3186 -3.187482830832849
15.8736 7.7979 9.1554 -3.090473913148635
14.8812 7.9663 8.9805 -4.035722762371591
13.8979 8.2206 8.7468 -4.471269891474854
13.8979 8.2206 8.7468 -4.471269891474854
22.0 8.4853 8.4853 2.6745294515705353
21.0036 8.3563 8.6204 1.804400527969591
20.0085 8.2512 8.7378 1.1370883266853937
19.0124 8.1642 8.8374 0.5766787463315382
18.0145 8.094 8.9172 0.011437370412068049
17.0146 40.8241 8.9707 20.967946882658424
16.267 36.9424 10.4322 20.96794632701596
15.7402 34.0469 12.8779 20.96793651930188
15.4366 5.9021 15.4099 -10.004437645582062
14.1345 32.2712 14.8047 20.9678793634113
13.8795 30.4005 13.1648 20.967826166889445
13.8562 28.992 11.8802 20.9677619991836
14.1167 27.9628 10.8814 20.967696808429572
14.7576 27.2637 10.1251 20.96764193445751
15.9579 16.9427 9.5869 20.709400713393045
29.7178 11.6384 9.2535 16.799176747607767
27.3844 9.9721 9.0428 7.796333640497977
25.8952 9.9409 8.769 9.597608057998592
24.4109 9.6319 8.5945 8.945309448259067
23.0572 9.3705 8.478 8.293374833649011
21.8041 9.1396 8.4153 7.538040946436411
20.6301 8.9368 8.3991 6.6775336415104505
19.5163 8.7617 8.4197 5.700455582300805
18.4464 8.6163 8.4644 4.561093539024206
17.407 8.5068 26.7206 -12.958781373847724
16.5764 9.4809 27.7292 -16.825829925378514
15.9312 11.2655 30.2561 -17.56184059684093
15.453 14.2092 34.4639 -17.57072424886701
15.1337 14.4125 35.6578 -17.576406707881198
14.9882 13.1134 34.1973 -17.57983404883717
15.045 12.0526 33.0613 -17.581272992852565
15.3528 11.196 32.2094 -17.575748844404945
15.9927 10.5211 21.6557 -17.216757432761604
17.0553 10.0103 12.7198 -9.77619927515164
17.4935 9.5389 12.1096 -8.132051494382107
17.8658 9.1075 12.0077 -6.967903534378593
18.1933 8.7069 12.0803 -6.672551847347336
18.6244 8.3423 12.109 -6.845425580504958
19.301 8.0207 12.0281 -7.167433926142138
20.3615 7.7479 11.8436 -7.492893988826658
21.9871 7.5289 11.5815 -7.7698511265111065
24.4732 7.3684 11.2663 -8.008308321295573
23.3327 7.272 10.9146 -7.708830154560701
22.1449 7.2316 10.5813 -7.28126475564445
21.0166 7.2444 10.2699 -6.707111691935609
19.9365 7.3051 9.9837 -5.95704343845528
18.8931 7.4039 9.7274 -5.030418724240391
17.8747 7.527 9.5054 -4.014136419601137
16.8707 7.6598 9.3186 -3.1874828308328134
15.8736 7.7979 9.1554 -3.0904739131486565
14.8812 7.9663 8.9805 -4.035722762371606
13.8979 8.2206 8.7468 -4.471269891474876
13.8979 8.2206 8.7468 -4.471269891474876
22.0 8.4853 8.4853 2.6745294515705353
21.0036 8.3563 8.6204 1.804400527969591
20.0085 8.2512 8.7378 1.1370883266853937
19.0124 8.1642 8.8374 0.5766787463315382
18.0145 8.094 8.9172 0.011437370412068049
17.0146 40.8241 8.9707 20.967946882658424
16.267 36.9424 10.4322 20.96794632701596
15.7402 34.0469 12.8779 20.96793651930188
15.4366 5.9021 15.4099 -10.004437645582062
14.1345 32.2712 14.8047 20.9678793634113
13.8795 30.4005 13.1648 20.967826166889445
13.8562 28.992 11.8802 20.9677619991836
14.1167 27.9628 10.8814 20.967696808429572
14.7576 27.2637 10.1251 20.96764193445751
15.9579 16.9427 9.5869 20.709400713393045
29.7178 11.6384 9.2535 16.799176747607767
27.3844 9.9721 9.0428 7.796333640497977
25.8952 9.9409 8.769 9.597608057998592
24.4109 9.6319 8.5945 8.945309448259067
23.0572 9.3705 8.478 8.293374833649011
21.8041 9.1396 8.4153 7.538040946436411
20.6301 8.9368 8.3991 6.6775336415104505
19.5163 8.7617 8.4197 5.700455582300805
18.4464 8.6163 8.4644 4.561093539024206
17.407 8.5068 26.7206 -12.958781373847724
16.5764 9.4809 27.7292 -16.825829925378514
15.9312 11.2655 30.2561 -17.56184059684093
15.453 14.2092 34.4639 -17.57072424886701
15.1337 14.4125 35.6578 -17.576406707881198
14.9882 13.1134 34.1973 -17.57983404883717
15.045 12.0526 33.0613 -17.581272992852565
15.3528 11.196 32.2094 -17.575748844404945
15.9927 10.5211 21.6557 -17.216757432761604
17.0553 10.0103 12.7198 -9.77619927515164
17.4935 9.5389 12.1096 -8.132051494382107
17.8658 9.1075 12.0077 -6.967903534378593
18.1933 8.7069 12.0803 -6.672551847347336
18.6244 8.3423 12.109 -6.845425580504958
19.301 8.0207 12.0281 -7.167433926142138
20.3615 7.7479 11.8436 -7.492893988826658
21.9871 7.5289 11.5815 -7.7698511265111065
24.4732 7.3684 11.2663 -8.008308321295573
23.3327 7.272 10.9146 -7.708830154560701
22.1449 7.2316 10.5813 -7.28126475564445
21.0166 7.2444 10.2699 -6.707111691935609
19.9365 7.3051 9.9837 -5.95704343845528
18.8931 7.4039 9.7274 -5.030418724240391
17.8747 7.527 9.5054 -4.014136419601137
16.8707 7.6598 9.3186 -3.1874828308328134
15.8736 7.7979 9.1554 -3.0904739131486565
14.8812 7.9663 8.9805 -4.035722762371606
13.8979 8.2206 8.7468 -4.471269891474876
13.8979 8.2206 8.7468 -4.471269891474876
22.0 8.4853 8.4853 2.6745294515705353
21.0036 8.3563 8.6204 1.804400527969591
20.0085 8.2512 8.7378 1.1370883266853937
19.0124 8.1642 8.8374 0.5766787463315382
18.0145 8.094 8.9172 0.011437370412068049
17.0146 40.8241 8.9707 20.967946882658424
16.267 36.9424 10.4322 20.96794632701596
15.7402 34.0469 12.8779 20.96793651930188
15.4366 5.9021 15.4099 -10.004437645582062
14.1345 32.2712 14.8047 20.9678793634113
13.8795 30.4005 13.1648 20.967826166889445
13.8562 28.992 11.8802 20.9677619991836
14.1167 27.9628 10.8814 20.967696808429572
14.7576 27.2637 10.1251 20.96764193445751
15.9579 16.9427 9.5869 20.709400713393045
29.7178 11.6384 9.2535 16.799176747607767
27.3844 9.9721 9.0428 7.796333640497977
25.8952 9.9409 8.769 9.597608057998592
24.4109 9.6319 8.5945 8.945309448259067
23.0572 9.3705 8.478 8.293374833649011
21.8041 9.1396 8.4153 7.538040946436411
20.6301 8.9368 8.3991 6.6775336415104505
19.5163 8.7617 8.4197 5.700455582300805
18.4464 8.6163 8.4644 4.561093539024206
17.407 8.5068 26.7206 -12.958781373847724
16.5764 9.4809 27.7292 -16.825829925378514
15.9312 11.2655 30.2561 -17.56184059684093
15.453 14.2092 34.4639 -17.57072424886701
15.1337 14.4125 35.6578 -17.576406707881198
14.9882 13.1134 34.1973 -17.57983404883717
15.045 12.0526 33.0613 -17.581272992852565
15.3528 11.196 32.2094 -17.575748844404945
15.9927 10.5211 21.6557 -17.216757432761604
17.0553 10.0103 12.7198 -9.77619927515164
17.4935 9.5389 12.1096 -8.132051494382107
17.8658 9.1075 12.0077 -6.967903534378593
18.1933 8.7069 12.0803 -6.672551847347336
18.6244 8.3423 12.109 -6.845425580504958
19.301 8.0207 12.0281 -7.167433926142138
20.3615 7.7479 11.8436 -7.492893988826658
21.9871 7.5289 11.5815 -7.7698511265111065
24.4732 7.3684 11.2663 -8.008308321295573
23.3327 7.272 10.9146 -7.708830154560701
22.1449 7.2316 10.5813 -7.28126475564445
21.0166 7.2444 10.2699 -6.707111691935609
19.9365 7.3051 9.9837 -5.95704343845528
18.8931 7.4039 9.7274 -5.030418724240391
17.8747 7.527 9.5054 -4.014136419601137
16.8707 7.6598 9.3186 -3.1874828308328134
15.8736 7.7979 9.1554 -3.0904739131486565
14.8812 7.9663 8.9805 -4.035722762371606
13.8979 8.2206 8.7468 -4.471269891474876
13.8979 8.2206 8.7468 -4.471269891474876
